{"product_type": [{"id": 183517214224247521957808755021557854229, "weight": 1.6936346676504639, "size": [8, 6, 6], "need_refrigeration": true, "is_fragile": true, "name": "MedprofenEZ"}, {"id": 299836797709794754408070785292983660610, "weight": 2.587606535014512, "size": [8, 8, 7], "need_refrigeration": false, "is_fragile": false, "name": "TheravirXL"}, {"id": 1940362491044734872927194950246687067, "weight": 2.3977681834984983, "size": [9, 5, 7], "need_refrigeration": true, "is_fragile": true, "name": "MedstatinXL"}, {"id": 125064797880222748681244917312188003914, "weight": 1.6946714251017838, "size": [6, 5, 7], "need_refrigeration": false, "is_fragile": false, "name": "UltravirPlus"}, {"id": 69486224230318961220753181526331866170, "weight": 2.8181987197975555, "size": [7, 9, 7], "need_refrigeration": true, "is_fragile": true, "name": "UltracillinEZ"}, {"id": 23948930266827730960519717106350334756, "weight": 1.1269729109835775, "size": [9, 7, 7], "need_refrigeration": false, "is_fragile": false, "name": "NeovirPlus"}, {"id": 247725696320300225252772621829302213630, "weight": 1.3126990722075786, "size": [8, 7, 5], "need_refrigeration": true, "is_fragile": true, "name": "BioprofenOD"}, {"id": 221714075780918151819639369234463623883, "weight": 2.095683591254774, "size": [5, 6, 8], "need_refrigeration": true, "is_fragile": true, "name": "UltrastatinOD"}, {"id": 179610216193260882913057795839048083010, "weight": 1.4136010933206125, "size": [6, 8, 5], "need_refrigeration": true, "is_fragile": true, "name": "MedstatinEZ"}, {"id": 148169725484638593052262902694921485747, "weight": 1.4075487706888354, "size": [7, 6, 6], "need_refrigeration": false, "is_fragile": false, "name": "NeoprofenRX"}], "vehicle_list": [{"box_size": [393, 408, 459], "box_max_weight": 536.102073735777, "cost_per_km": 13.416707349591206, "cost_per_kg": 44.33276579654329, "is_reefer": true, "max_duration": 10000000000000.0, "vehicle_type": "MegaX3500", "id": 200500971696369586307732966785832592191}, {"box_size": [237, 316, 391], "box_max_weight": 559.7228002676318, "cost_per_km": 17.4545272793549, "cost_per_kg": 57.81009761213214, "is_reefer": false, "max_duration": 10000000000000.0, "vehicle_type": "MegaT4500", "id": 312388494142437411362080222442079209081}, {"box_size": [213, 328, 341], "box_max_weight": 555.630310535211, "cost_per_km": 14.269062610693648, "cost_per_kg": 68.13401848012906, "is_reefer": true, "max_duration": 10000000000000.0, "vehicle_type": "IronPro3500", "id": 59504118426716544109872016774526195725}, {"box_size": [230, 266, 493], "box_max_weight": 517.766745437308, "cost_per_km": 45.23521406802496, "cost_per_kg": 53.04656252338856, "is_reefer": true, "max_duration": 10000000000000.0, "vehicle_type": "HaulProHD", "id": 196792632719566834339084888570918462733}, {"box_size": [296, 306, 475], "box_max_weight": 519.0432275771759, "cost_per_km": 79.1738655198728, "cost_per_kg": 25.369770237081642, "is_reefer": false, "max_duration": 10000000000000.0, "vehicle_type": "IronTMax", "id": 214730312042183723499121790254154844945}, {"box_size": [220, 266, 333], "box_max_weight": 523.7620732091651, "cost_per_km": 61.08763754996531, "cost_per_kg": 44.26285978076512, "is_reefer": true, "max_duration": 10000000000000.0, "vehicle_type": "HaulZXL", "id": 113245665721465524672753587370976003342}, {"box_size": [204, 268, 312], "box_max_weight": 512.8389962380961, "cost_per_km": 33.832857328320756, "cost_per_kg": 81.39102061202557, "is_reefer": false, "max_duration": 10000000000000.0, "vehicle_type": "TitanXHD", "id": 109341639024802612167979037623265010530}, {"box_size": [286, 379, 431], "box_max_weight": 572.964460336589, "cost_per_km": 70.9268362527375, "cost_per_kg": 78.22500374384124, "is_reefer": false, "max_duration": 10000000000000.0, "vehicle_type": "MegaZMax", "id": 310061347934193055018507282888265616712}, {"box_size": [316, 366, 486], "box_max_weight": 549.6037196110443, "cost_per_km": 61.916227849008514, "cost_per_kg": 93.80227012900922, "is_reefer": false, "max_duration": 10000000000000.0, "vehicle_type": "HaulPro3500", "id": 5083855340679536142556567560841893210}, {"box_size": [379, 382, 407], "box_max_weight": 549.0884108158389, "cost_per_km": 76.62084637682419, "cost_per_kg": 90.69458214881584, "is_reefer": true, "max_duration": 10000000000000.0, "vehicle_type": "PowerZ3500", "id": 287267651019202456050781820964629429487}], "order_list": [{"id": 89977108874732005769863139113863995326, "customer_name": "MichaelJones", "item_list": [69486224230318961220753181526331866170, 179610216193260882913057795839048083010, 179610216193260882913057795839048083010, 1940362491044734872927194950246687067, 69486224230318961220753181526331866170, 69486224230318961220753181526331866170, 148169725484638593052262902694921485747, 1940362491044734872927194950246687067, 69486224230318961220753181526331866170, 148169725484638593052262902694921485747], "coord": [-6.286520623035664, 106.80206185606477]}, {"id": 194559572675352351921446302623579238885, "customer_name": "Mr.EmmaJones", "item_list": [221714075780918151819639369234463623883, 125064797880222748681244917312188003914, 148169725484638593052262902694921485747, 299836797709794754408070785292983660610, 69486224230318961220753181526331866170, 1940362491044734872927194950246687067, 125064797880222748681244917312188003914, 299836797709794754408070785292983660610, 148169725484638593052262902694921485747, 1940362491044734872927194950246687067], "coord": [-6.178667465153075, 106.85540266060535]}, {"id": 286390104675681882159870439438079800618, "customer_name": "EmilyGarcia", "item_list": [221714075780918151819639369234463623883, 148169725484638593052262902694921485747, 148169725484638593052262902694921485747, 125064797880222748681244917312188003914, 299836797709794754408070785292983660610, 69486224230318961220753181526331866170, 148169725484638593052262902694921485747, 23948930266827730960519717106350334756, 1940362491044734872927194950246687067, 299836797709794754408070785292983660610], "coord": [-6.272781667557019, 106.8025225064848]}, {"id": 67922684881421247415227729301410396715, "customer_name": "Ms.SarahGarcia", "item_list": [179610216193260882913057795839048083010, 179610216193260882913057795839048083010, 183517214224247521957808755021557854229, 23948930266827730960519717106350334756, 179610216193260882913057795839048083010, 148169725484638593052262902694921485747, 148169725484638593052262902694921485747, 148169725484638593052262902694921485747, 125064797880222748681244917312188003914, 1940362491044734872927194950246687067], "coord": [-6.162570190229424, 106.76600609938271]}, {"id": 198823792714156634177378109368076338119, "customer_name": "Mr.DavidMartinez", "item_list": [23948930266827730960519717106350334756, 179610216193260882913057795839048083010, 299836797709794754408070785292983660610, 221714075780918151819639369234463623883, 148169725484638593052262902694921485747, 69486224230318961220753181526331866170, 148169725484638593052262902694921485747, 247725696320300225252772621829302213630, 23948930266827730960519717106350334756, 23948930266827730960519717106350334756], "coord": [-6.153612094372999, 106.74920879359378]}, {"id": 186046641676429131657997028229403953604, "customer_name": "JaneWilliams", "item_list": [247725696320300225252772621829302213630, 148169725484638593052262902694921485747, 247725696320300225252772621829302213630, 183517214224247521957808755021557854229, 299836797709794754408070785292983660610, 179610216193260882913057795839048083010, 221714075780918151819639369234463623883, 183517214224247521957808755021557854229, 125064797880222748681244917312188003914, 1940362491044734872927194950246687067], "coord": [-6.232530609637185, 106.86441298415349]}, {"id": 168156516802897530662671845922238572751, "customer_name": "Mr.ChrisMiller", "item_list": [247725696320300225252772621829302213630, 183517214224247521957808755021557854229, 247725696320300225252772621829302213630, 69486224230318961220753181526331866170, 1940362491044734872927194950246687067, 1940362491044734872927194950246687067, 23948930266827730960519717106350334756, 299836797709794754408070785292983660610, 69486224230318961220753181526331866170, 179610216193260882913057795839048083010], "coord": [-6.233651791456662, 106.86705945416875]}, {"id": 326618262771141118493013072194472563671, "customer_name": "Ms.EmilySmith", "item_list": [148169725484638593052262902694921485747, 183517214224247521957808755021557854229, 1940362491044734872927194950246687067, 247725696320300225252772621829302213630, 69486224230318961220753181526331866170, 23948930266827730960519717106350334756, 125064797880222748681244917312188003914, 247725696320300225252772621829302213630, 23948930266827730960519717106350334756, 179610216193260882913057795839048083010], "coord": [-6.124287717990252, 106.874251482169]}, {"id": 276823731741462904644234530946594666818, "customer_name": "Mrs.EmilyHernandez", "item_list": [69486224230318961220753181526331866170, 148169725484638593052262902694921485747, 1940362491044734872927194950246687067, 247725696320300225252772621829302213630, 1940362491044734872927194950246687067, 299836797709794754408070785292983660610, 1940362491044734872927194950246687067, 247725696320300225252772621829302213630, 221714075780918151819639369234463623883, 23948930266827730960519717106350334756], "coord": [-6.271625433428841, 106.8489746240046]}, {"id": 23228253927650611142036512284481519668, "customer_name": "Mr.MichaelHernandez", "item_list": [247725696320300225252772621829302213630, 148169725484638593052262902694921485747, 299836797709794754408070785292983660610, 183517214224247521957808755021557854229, 221714075780918151819639369234463623883, 221714075780918151819639369234463623883, 23948930266827730960519717106350334756, 69486224230318961220753181526331866170, 148169725484638593052262902694921485747, 247725696320300225252772621829302213630], "coord": [-6.192968763662826, 106.74263375324722]}], "cardboard_list": [{"id": 287802119338088122958013945421300078162, "size": [53, 61, 63], "max_weight": 128.19606671746484, "name": "CorrMediumB2"}, {"id": 57729653462788380302956766064187922498, "size": [71, 74, 77], "max_weight": 133.87111167457078, "name": "PackMediumE5"}, {"id": 298955538033479210467235850248689087385, "size": [52, 53, 64], "max_weight": 146.23806965285303, "name": "CorrXXLC3"}, {"id": 328583956734156696927159283456172825358, "size": [65, 76, 77], "max_weight": 141.34661280393976, "name": "HardSmallA1"}, {"id": 51191508789028448941011830035989778045, "size": [55, 56, 62], "max_weight": 106.43222466228663, "name": "CorrLargeC3"}, {"id": 256731370930592751860657110338305294376, "size": [68, 69, 72], "max_weight": 120.21509588368583, "name": "HardXXLB2"}, {"id": 145853199738282125968482950598511768983, "size": [59, 66, 74], "max_weight": 126.84267428287686, "name": "EcoLargeC3"}, {"id": 213799241599775742089863510617347535654, "size": [65, 66, 74], "max_weight": 121.51515647813474, "name": "PackXXLB2"}, {"id": 286821535767038821305094096806310532108, "size": [64, 68, 69], "max_weight": 132.71994202455303, "name": "PackLargeE5"}, {"id": 338369586729869471890693168271654113824, "size": [51, 58, 64], "max_weight": 105.98856310270759, "name": "HardXXLA1"}, {"id": 196923300353777237730236930332732456318, "size": [64, 75, 79], "max_weight": 112.71887683294894, "name": "FlexXXLE5"}, {"id": 269482866709819359075418580671251746652, "size": [54, 60, 71], "max_weight": 141.58757058695198, "name": "EcoXLB2"}, {"id": 98060694721729063314284045829708418107, "size": [68, 70, 71], "max_weight": 126.01566529948424, "name": "PackXLA1"}, {"id": 242263057261782251432249096934699133996, "size": [50, 51, 73], "max_weight": 144.50672578963375, "name": "EcoSmallB2"}, {"id": 234247002711485453528528288707960859843, "size": [61, 67, 72], "max_weight": 147.39702310812697, "name": "PackXXLA1"}, {"id": 117771322936684701391281394824709972956, "size": [54, 77, 79], "max_weight": 106.12833701158, "name": "EcoLargeE5"}, {"id": 318027784424281317578093914590457928700, "size": [53, 60, 70], "max_weight": 103.11074152521927, "name": "HardXXLC3"}, {"id": 219380503917400531408311367955111825600, "size": [56, 60, 78], "max_weight": 108.11737769185422, "name": "PackSmallE5"}, {"id": 84089564259665488097167835118510441546, "size": [50, 67, 69], "max_weight": 142.4532047286604, "name": "EcoXXLB2"}, {"id": 314772034485859791886260234299365101204, "size": [62, 66, 69], "max_weight": 113.83353409121972, "name": "PackSmallA1"}, {"id": 217159483674011816388891539074308198871, "size": [61, 66, 78], "max_weight": 106.10249644766493, "name": "PackSmallC3"}, {"id": 25311882761384320817092280107026519383, "size": [66, 73, 77], "max_weight": 124.25750851179288, "name": "EcoXXLE5"}, {"id": 145415717721338932186079396651379864619, "size": [58, 62, 76], "max_weight": 134.64511916197793, "name": "HardSmallB2"}, {"id": 26533183376580010884257197777036551664, "size": [73, 73, 74], "max_weight": 127.62602145716869, "name": "FlexLargeC3"}, {"id": 177001652445941828038700577217501040736, "size": [55, 60, 66], "max_weight": 105.62295047270986, "name": "PackXXLE5"}, {"id": 314985886378748149219063626579331080922, "size": [64, 64, 64], "max_weight": 127.08944941236118, "name": "EcoLargeB2"}, {"id": 277511123920993172499364961686370990702, "size": [60, 66, 73], "max_weight": 137.06451033193537, "name": "HardMediumA1"}, {"id": 138933822896414800783878303228150696325, "size": [54, 72, 79], "max_weight": 109.12431070648537, "name": "HardXLD4"}, {"id": 227277160020048555588420022168089788345, "size": [69, 72, 74], "max_weight": 131.59543217755134, "name": "CorrLargeE5"}, {"id": 2668054673292798769743088007609509241, "size": [67, 76, 77], "max_weight": 126.16426011863524, "name": "FlexXXLC3"}, {"id": 97321831471302167901087548098703424850, "size": [50, 51, 51], "max_weight": 137.03114250385642, "name": "HardXLC3"}, {"id": 257662477828422304993485323460357947950, "size": [51, 55, 77], "max_weight": 136.84936039909357, "name": "EcoXLD4"}, {"id": 56172256872761954726827644874659661621, "size": [62, 69, 70], "max_weight": 146.08436886880662, "name": "EcoMediumE5"}, {"id": 123651548202971635817903840862412408793, "size": [53, 76, 78], "max_weight": 132.1503208003437, "name": "PackXLE5"}, {"id": 297325954543898071860824077482844061021, "size": [52, 57, 76], "max_weight": 104.02549911891147, "name": "HardSmallD4"}, {"id": 150018400252912339254245299424303256370, "size": [58, 61, 77], "max_weight": 130.10905388455782, "name": "CorrLargeB2"}, {"id": 330342564715939778084087275240063451944, "size": [50, 61, 68], "max_weight": 117.03775589590819, "name": "CorrLargeD4"}, {"id": 262538062541164221420695011243365745412, "size": [73, 76, 77], "max_weight": 132.12162166296622, "name": "FlexSmallB2"}, {"id": 28068457519109062172719854699475877813, "size": [59, 67, 78], "max_weight": 129.66284057756033, "name": "HardLargeB2"}, {"id": 7937008224371829746949457141616652758, "size": [50, 54, 71], "max_weight": 102.80632594517864, "name": "HardLargeD4"}, {"id": 292853170978577472880295093544619948146, "size": [57, 58, 59], "max_weight": 131.83406969308402, "name": "FlexMediumC3"}, {"id": 173988892438790131297902346796768783697, "size": [52, 65, 72], "max_weight": 120.54392873456479, "name": "CorrXLB2"}, {"id": 330325019861590267545025881727751771495, "size": [51, 51, 52], "max_weight": 121.04622189361416, "name": "HardXLA1"}, {"id": 5735282235929048866367015917897371627, "size": [65, 69, 71], "max_weight": 101.86208321112767, "name": "EcoXLA1"}, {"id": 127835827794609325274890670597642540340, "size": [52, 56, 73], "max_weight": 115.97444505911574, "name": "FlexSmallE5"}, {"id": 131378562303905039513166646384248693053, "size": [60, 61, 67], "max_weight": 123.65534753602537, "name": "FlexSmallA1"}, {"id": 318015291259476506069634189520448912559, "size": [64, 70, 78], "max_weight": 136.1435198730057, "name": "CorrXXLE5"}, {"id": 148557377587587754741692182493683009785, "size": [60, 64, 66], "max_weight": 138.18332667664652, "name": "FlexXXLB2"}, {"id": 219574114820343127731752499743653345716, "size": [52, 63, 65], "max_weight": 125.08937228507403, "name": "PackSmallD4"}, {"id": 204848650931378798550185204610268842004, "size": [51, 57, 73], "max_weight": 137.54138865382586, "name": "PackMediumD4"}, {"id": 233965899096817425206164423547015773549, "size": [69, 71, 77], "max_weight": 100.15562888085319, "name": "FlexLargeB2"}, {"id": 268463791331108165046719489437488188685, "size": [51, 55, 68], "max_weight": 103.7309820952552, "name": "CorrXLE5"}, {"id": 274975709703208201659268794396884489913, "size": [51, 60, 66], "max_weight": 119.29930885891042, "name": "EcoSmallE5"}, {"id": 268119770038056227554185473849985944077, "size": [56, 61, 63], "max_weight": 135.66542817058428, "name": "FlexMediumE5"}, {"id": 76145615900003253196173292831400570392, "size": [56, 69, 76], "max_weight": 143.65906259375518, "name": "CorrSmallE5"}, {"id": 204600202504026684497938948029565986617, "size": [63, 66, 75], "max_weight": 146.86169421406353, "name": "HardMediumB2"}, {"id": 114428832914547281901353648365965078384, "size": [65, 70, 76], "max_weight": 129.17503196464028, "name": "EcoXLC3"}, {"id": 116240082992566899440911272231006020576, "size": [57, 63, 72], "max_weight": 143.01815001952502, "name": "PackLargeC3"}, {"id": 297601696335457964950586819522595925337, "size": [64, 65, 72], "max_weight": 129.09861119249175, "name": "CorrLargeA1"}, {"id": 35941195194161269103380288064207171480, "size": [54, 58, 68], "max_weight": 111.24739177638143, "name": "FlexSmallC3"}, {"id": 271628222279723040911671652639169599795, "size": [59, 76, 77], "max_weight": 109.08680694051212, "name": "PackXXLD4"}, {"id": 147805773842521608894580226113703730995, "size": [56, 71, 78], "max_weight": 137.08621784781093, "name": "PackLargeB2"}, {"id": 140104738385777672229913221401498641221, "size": [52, 64, 69], "max_weight": 127.44276354496748, "name": "FlexMediumA1"}, {"id": 249476733256200566911021336772723931685, "size": [58, 71, 77], "max_weight": 141.3584568078996, "name": "PackLargeD4"}, {"id": 73339308072898346484445427747409572442, "size": [55, 59, 74], "max_weight": 122.14861150572051, "name": "EcoLargeD4"}, {"id": 124226874907867619970997441480822792061, "size": [54, 63, 67], "max_weight": 141.1451647973038, "name": "FlexXLB2"}, {"id": 330725228015438636930397487698129394635, "size": [59, 62, 64], "max_weight": 139.83671767366292, "name": "HardLargeC3"}, {"id": 293577134544118149605640760048088028680, "size": [59, 62, 67], "max_weight": 119.22903654942426, "name": "PackMediumA1"}, {"id": 179907617627092518777094429322486872323, "size": [50, 57, 64], "max_weight": 145.98841575839523, "name": "EcoXLE5"}, {"id": 215003424043111433570017426934531967228, "size": [57, 64, 66], "max_weight": 113.86080330048023, "name": "FlexXXLA1"}, {"id": 287569261219751039353469631444624230278, "size": [60, 78, 79], "max_weight": 128.90971116513023, "name": "EcoXXLD4"}, {"id": 232467610883880653492775305558727131235, "size": [52, 56, 64], "max_weight": 100.05503261082166, "name": "HardMediumC3"}, {"id": 79500196070328702397827762970867921810, "size": [54, 73, 79], "max_weight": 125.86317077652512, "name": "PackMediumC3"}, {"id": 16751247451779462586252206087652159367, "size": [62, 66, 68], "max_weight": 110.41133386312451, "name": "PackXXLC3"}, {"id": 67530235482909516987619660990831359701, "size": [53, 59, 75], "max_weight": 120.76476508021531, "name": "HardXLB2"}, {"id": 64159565944248987360394256743056895239, "size": [52, 67, 79], "max_weight": 146.1871624530488, "name": "PackLargeA1"}, {"id": 245657439866936714704790966070695536082, "size": [60, 68, 69], "max_weight": 135.6353137859632, "name": "CorrSmallB2"}, {"id": 161587714160021654528791059388685259004, "size": [58, 69, 77], "max_weight": 142.32613956276282, "name": "HardXXLE5"}, {"id": 131069568567769093319756320692419823165, "size": [52, 62, 69], "max_weight": 104.4354685696988, "name": "PackXLC3"}, {"id": 105103413210181953731500301818932008572, "size": [50, 70, 74], "max_weight": 136.69665924237125, "name": "FlexLargeE5"}, {"id": 132472779274356582813563965650565750092, "size": [72, 75, 76], "max_weight": 100.47720152264074, "name": "EcoXXLC3"}, {"id": 230843415407922393511645554770740938620, "size": [55, 60, 63], "max_weight": 100.01500645774672, "name": "CorrSmallD4"}, {"id": 8905055585792138537297584770171326583, "size": [51, 55, 64], "max_weight": 119.88427963756087, "name": "HardMediumD4"}, {"id": 199759802165637040454030813049811089179, "size": [53, 58, 78], "max_weight": 145.23503784645237, "name": "CorrMediumA1"}, {"id": 269460818647039311841438208947419577505, "size": [57, 75, 79], "max_weight": 108.06150203657188, "name": "EcoSmallD4"}, {"id": 182595909818710445365063453822554927180, "size": [50, 52, 54], "max_weight": 126.51696504633858, "name": "CorrMediumD4"}, {"id": 106049204763414020973923022595998239895, "size": [50, 56, 59], "max_weight": 134.51252309495774, "name": "HardXLE5"}, {"id": 291312561857463340565110278421316823246, "size": [51, 75, 76], "max_weight": 122.83248453421857, "name": "EcoMediumA1"}, {"id": 76588791794913991670910272543750549714, "size": [56, 79, 79], "max_weight": 105.00822266780406, "name": "CorrXXLB2"}, {"id": 99492439360695731804633935346819300370, "size": [50, 73, 78], "max_weight": 104.07099272636933, "name": "PackXLB2"}, {"id": 162687078335689796797693762902323011239, "size": [55, 71, 78], "max_weight": 107.5700725171256, "name": "HardLargeA1"}, {"id": 194420628047179509906236978533873963793, "size": [53, 67, 76], "max_weight": 109.94085872413226, "name": "FlexXLA1"}, {"id": 106363373070378985248374027472145170387, "size": [50, 57, 64], "max_weight": 101.86335544325765, "name": "CorrSmallC3"}, {"id": 130254188626029003554503483697180520639, "size": [54, 72, 79], "max_weight": 132.7241860721473, "name": "FlexXLE5"}, {"id": 184801217825899799754348007845206087943, "size": [55, 67, 69], "max_weight": 148.41368054482896, "name": "FlexMediumB2"}, {"id": 216935124681852581207258348448449146322, "size": [57, 58, 58], "max_weight": 142.63744742562938, "name": "PackSmallB2"}, {"id": 72773313811122850174383321895751708022, "size": [72, 74, 78], "max_weight": 120.09983093252234, "name": "CorrXLD4"}, {"id": 25273979453026723747822257316410823129, "size": [53, 59, 73], "max_weight": 115.69020227040257, "name": "FlexLargeA1"}, {"id": 122620363855636185077205227946062676171, "size": [55, 57, 61], "max_weight": 131.10781023269365, "name": "HardMediumE5"}, {"id": 36752700406815156154681117213929392715, "size": [71, 72, 77], "max_weight": 132.60654571903032, "name": "FlexXLD4"}], "depot_coord": [-6.199211674180071, 106.70240161303813], "max_duration": 10000000000000.0, "distance_matrix": [[0.0, 14.68344316288127, 17.06735675447687, 13.762347153374748, 8.126540055531537, 7.244648180293909, 18.288142164161368, 18.599963447389037, 20.744852677378063, 18.092325189564654, 4.501325729264267], [14.68344316288127, 0.0, 13.363765671662822, 1.5285503427910236, 14.347353373869241, 15.89166876793177, 9.139903619900249, 9.282990905743441, 19.725730536414336, 5.443270752758766, 12.302967685058196], [17.06735675447687, 13.363765671662822, 0.0, 11.986847761841275, 10.04363563577525, 12.065956684593898, 6.07156436432556, 6.248293088004046, 6.395743690041793, 10.360848066874029, 12.567339624699795], [13.762347153374748, 1.5285503427910236, 11.986847761841275, 0.0, 12.902625237528405, 14.502497684796817, 8.175014424621759, 8.355727392839428, 18.31698511634647, 5.1359305208692545, 11.071846072721335], [8.126540055531537, 14.347353373869241, 10.04363563577525, 12.902625237528405, 0.0, 2.107283741836052, 13.373708821694265, 13.684358356131742, 12.70175952057398, 15.204086493289813, 4.254588276442186], [7.244648180293909, 15.89166876793177, 12.065956684593898, 14.502497684796817, 2.107283741836052, 0.0, 15.465962003905593, 15.777719042937925, 14.20372344868215, 17.141267363575814, 4.436215836020132], [18.288142164161368, 9.139903619900249, 6.07156436432556, 8.175014424621759, 13.373708821694265, 15.465962003905593, 0.0, 0.31799202180250274, 12.08510252884044, 4.670082991254547, 14.162250300829536], [18.599963447389037, 9.282990905743441, 6.248293088004046, 8.355727392839428, 13.684358356131742, 15.777719042937925, 0.31799202180250274, 0.0, 12.18669336074027, 4.671747314856902, 14.479062359937803], [20.744852677378063, 19.725730536414336, 6.395743690041793, 18.31698511634647, 12.70175952057398, 14.20372344868215, 12.08510252884044, 12.18669336074027, 0.0, 16.61978244014735, 16.43313999961705], [18.092325189564654, 5.443270752758766, 10.360848066874029, 5.1359305208692545, 15.204086493289813, 17.141267363575814, 4.670082991254547, 4.671747314856902, 16.61978244014735, 0.0, 14.651584195859787], [4.501325729264267, 12.302967685058196, 12.567339624699795, 11.071846072721335, 4.254588276442186, 4.436215836020132, 14.162250300829536, 14.479062359937803, 16.43313999961705, 14.651584195859787, 0.0]]}