{
  "product_type": [
    {
      "id": 36638399561483264994042449366577441122,
      "weight": 8.373715274501674,
      "size": [4, 1, 7],
      "need_refrigeration": false,
      "is_fragile": true,
      "name": "TheravirXR"
    },
    {
      "id": 259419752125077579925938638914351885859,
      "weight": 5.717292847408015,
      "size": [2, 4, 4],
      "need_refrigeration": true,
      "is_fragile": false,
      "name": "MedcillinXL"
    },
    {
      "id": 98830016738039208993863032104945099308,
      "weight": 3.610329704496338,
      "size": [4, 2, 9],
      "need_refrigeration": false,
      "is_fragile": false,
      "name": "MedcillinXR"
    },
    {
      "id": 84987937928489079296232493155825822307,
      "weight": 9.362292492690345,
      "size": [7, 2, 5],
      "need_refrigeration": false,
      "is_fragile": true,
      "name": "BioprofenXL"
    },
    {
      "id": 131792693290518342226921693510841480000,
      "weight": 8.332995331085616,
      "size": [8, 4, 4],
      "need_refrigeration": true,
      "is_fragile": false,
      "name": "UltralolEZ"
    },
    {
      "id": 325086257124285213851766091851041152224,
      "weight": 5.3915756931484555,
      "size": [9, 8, 6],
      "need_refrigeration": true,
      "is_fragile": true,
      "name": "BiololPlus"
    },
    {
      "id": 60760293261653634209742904438587536373,
      "weight": 2.9196286592829535,
      "size": [4, 6, 9],
      "need_refrigeration": false,
      "is_fragile": false,
      "name": "MaxprofenOD"
    },
    {
      "id": 298150007263263922704247499173135369212,
      "weight": 1.5261364781485292,
      "size": [3, 3, 4],
      "need_refrigeration": true,
      "is_fragile": true,
      "name": "NeomabXL"
    },
    {
      "id": 91404617122712456832396001402940908454,
      "weight": 4.337645341321435,
      "size": [1, 1, 3],
      "need_refrigeration": false,
      "is_fragile": false,
      "name": "NeovirXL"
    },
    {
      "id": 271396537603239308019405811528515091131,
      "weight": 9.347063522797454,
      "size": [7, 9, 7],
      "need_refrigeration": false,
      "is_fragile": false,
      "name": "MedcillinRX"
    }
  ],
  "vehicle_list": [
    {
      "box_size": [72945, 76480, 96003],
      "box_max_weight": 3.4779849880464537,
      "cost_per_km": 13.191180838952693,
      "cost_per_kg": 29.039872651970224,
      "is_reefer": false,
      "max_duration": 10000000000000.0,
      "vehicle_type": "IronProXL",
      "id": 333895758336203234653339586105906231482
    },
    {
      "box_size": [12706, 46259, 81182],
      "box_max_weight": 8.895237469925915,
      "cost_per_km": 36.43427402635487,
      "cost_per_kg": 21.194267924555184,
      "is_reefer": true,
      "max_duration": 10000000000000.0,
      "vehicle_type": "IronR3500",
      "id": 173603109147750345519455374199704044525
    },
    {
      "box_size": [42747, 51635, 94684],
      "box_max_weight": 2.395595975319952,
      "cost_per_km": 32.81138211693171,
      "cost_per_kg": 28.408980269810055,
      "is_reefer": true,
      "max_duration": 10000000000000.0,
      "vehicle_type": "MegaR5500",
      "id": 100132181843510623052514963470713125856
    },
    {
      "box_size": [40177, 53249, 70427],
      "box_max_weight": 4.059942889927939,
      "cost_per_km": 42.0022718646204,
      "cost_per_kg": 30.324426543820827,
      "is_reefer": true,
      "max_duration": 10000000000000.0,
      "vehicle_type": "TitanXHD",
      "id": 162773955871478738242810834554807503538
    },
    {
      "box_size": [49293, 52040, 92539],
      "box_max_weight": 9.658749012994061,
      "cost_per_km": 37.29481558072142,
      "cost_per_kg": 40.361975390984824,
      "is_reefer": true,
      "max_duration": 10000000000000.0,
      "vehicle_type": "TrailEliteMax",
      "id": 101175129554290918579083450517044095155
    },
    {
      "box_size": [46823, 54257, 72197],
      "box_max_weight": 5.795005054522172,
      "cost_per_km": 12.453631870475895,
      "cost_per_kg": 91.53618613962712,
      "is_reefer": false,
      "max_duration": 10000000000000.0,
      "vehicle_type": "IronPro3500",
      "id": 94228918412059038827798134399542510740
    },
    {
      "box_size": [81147, 88449, 96886],
      "box_max_weight": 4.1804381214981365,
      "cost_per_km": 44.541055466320834,
      "cost_per_kg": 78.67398242633676,
      "is_reefer": false,
      "max_duration": 10000000000000.0,
      "vehicle_type": "PowerT5500",
      "id": 161735202534868196617004864245676171822
    },
    {
      "box_size": [50103, 77099, 99521],
      "box_max_weight": 6.544985981129755,
      "cost_per_km": 93.8837686152124,
      "cost_per_kg": 38.64086954079508,
      "is_reefer": true,
      "max_duration": 10000000000000.0,
      "vehicle_type": "PowerElite5500",
      "id": 23088200854639786740986492728934412821
    },
    {
      "box_size": [13707, 23889, 28374],
      "box_max_weight": 8.115106617177904,
      "cost_per_km": 98.20098081674257,
      "cost_per_kg": 37.312276378235964,
      "is_reefer": false,
      "max_duration": 10000000000000.0,
      "vehicle_type": "IronRHD",
      "id": 181014725044329393153696792891369209210
    },
    {
      "box_size": [23728, 70658, 91472],
      "box_max_weight": 2.777185333798012,
      "cost_per_km": 81.29728889825294,
      "cost_per_kg": 64.21958043285593,
      "is_reefer": false,
      "max_duration": 10000000000000.0,
      "vehicle_type": "MegaElite3500",
      "id": 187894018078515739009056181069840253556
    }
  ],
  "order_list": [
    {
      "id": 235674808595840934376107050476424046931,
      "customer_name": "Mr.EmmaBrown",
      "item_list": [
        259419752125077579925938638914351885859,
        84987937928489079296232493155825822307,
        36638399561483264994042449366577441122,
        271396537603239308019405811528515091131,
        259419752125077579925938638914351885859,
        36638399561483264994042449366577441122,
        36638399561483264994042449366577441122,
        84987937928489079296232493155825822307,
        84987937928489079296232493155825822307,
        36638399561483264994042449366577441122
      ],
      "coord": [-6.279374592240554, 106.80107076103535]
    },
    {
      "id": 304889228760035415541315450899659044529,
      "customer_name": "Dr.AlexMartinez",
      "item_list": [
        259419752125077579925938638914351885859,
        36638399561483264994042449366577441122,
        98830016738039208993863032104945099308,
        131792693290518342226921693510841480000,
        60760293261653634209742904438587536373,
        325086257124285213851766091851041152224,
        84987937928489079296232493155825822307,
        60760293261653634209742904438587536373,
        98830016738039208993863032104945099308,
        60760293261653634209742904438587536373
      ],
      "coord": [-6.114021192773811, 106.89655802150277]
    },
    {
      "id": 260685810050720633152120517417827240056,
      "customer_name": "Dr.JaneJones",
      "item_list": [
        131792693290518342226921693510841480000,
        84987937928489079296232493155825822307,
        298150007263263922704247499173135369212,
        91404617122712456832396001402940908454,
        298150007263263922704247499173135369212,
        36638399561483264994042449366577441122,
        84987937928489079296232493155825822307,
        84987937928489079296232493155825822307,
        91404617122712456832396001402940908454,
        98830016738039208993863032104945099308
      ],
      "coord": [-6.244329810712609, 106.79906832412838]
    },
    {
      "id": 337835666071556615335383075809556246526,
      "customer_name": "Dr.JohnMiller",
      "item_list": [
        271396537603239308019405811528515091131,
        325086257124285213851766091851041152224,
        84987937928489079296232493155825822307,
        298150007263263922704247499173135369212,
        60760293261653634209742904438587536373,
        259419752125077579925938638914351885859,
        298150007263263922704247499173135369212,
        298150007263263922704247499173135369212,
        60760293261653634209742904438587536373,
        259419752125077579925938638914351885859
      ],
      "coord": [-6.106045212365414, 106.76893678465407]
    },
    {
      "id": 297862357128759907190835192022103132612,
      "customer_name": "AlexJones",
      "item_list": [
        36638399561483264994042449366577441122,
        36638399561483264994042449366577441122,
        36638399561483264994042449366577441122,
        259419752125077579925938638914351885859,
        298150007263263922704247499173135369212,
        325086257124285213851766091851041152224,
        259419752125077579925938638914351885859,
        131792693290518342226921693510841480000,
        259419752125077579925938638914351885859,
        271396537603239308019405811528515091131
      ],
      "coord": [-6.2114545827506, 106.70572001682005]
    },
    {
      "id": 337116450308469709551150395292953763302,
      "customer_name": "Dr.SarahJones",
      "item_list": [
        36638399561483264994042449366577441122,
        298150007263263922704247499173135369212,
        131792693290518342226921693510841480000,
        36638399561483264994042449366577441122,
        36638399561483264994042449366577441122,
        84987937928489079296232493155825822307,
        60760293261653634209742904438587536373,
        259419752125077579925938638914351885859,
        36638399561483264994042449366577441122,
        325086257124285213851766091851041152224
      ],
      "coord": [-6.242691619365268, 106.72864157690867]
    },
    {
      "id": 41892838953695599947202392352475783479,
      "customer_name": "JohnMartinez",
      "item_list": [
        91404617122712456832396001402940908454,
        84987937928489079296232493155825822307,
        98830016738039208993863032104945099308,
        271396537603239308019405811528515091131,
        325086257124285213851766091851041152224,
        84987937928489079296232493155825822307,
        325086257124285213851766091851041152224,
        36638399561483264994042449366577441122,
        60760293261653634209742904438587536373,
        98830016738039208993863032104945099308
      ],
      "coord": [-6.107571118576728, 106.7223610955365]
    },
    {
      "id": 136117268199237836296250383012072151712,
      "customer_name": "Ms.JaneSmith",
      "item_list": [
        36638399561483264994042449366577441122,
        259419752125077579925938638914351885859,
        131792693290518342226921693510841480000,
        91404617122712456832396001402940908454,
        36638399561483264994042449366577441122,
        271396537603239308019405811528515091131,
        98830016738039208993863032104945099308,
        298150007263263922704247499173135369212,
        36638399561483264994042449366577441122,
        98830016738039208993863032104945099308
      ],
      "coord": [-6.267178147577645, 106.80686050405686]
    },
    {
      "id": 97256186974666297256125916109954757660,
      "customer_name": "JaneDavis",
      "item_list": [
        91404617122712456832396001402940908454,
        98830016738039208993863032104945099308,
        36638399561483264994042449366577441122,
        36638399561483264994042449366577441122,
        259419752125077579925938638914351885859,
        91404617122712456832396001402940908454,
        36638399561483264994042449366577441122,
        84987937928489079296232493155825822307,
        325086257124285213851766091851041152224,
        60760293261653634209742904438587536373
      ],
      "coord": [-6.149543843546079, 106.80303164998374]
    },
    {
      "id": 222950491570822094543750272772842354819,
      "customer_name": "Mr.JohnJones",
      "item_list": [
        98830016738039208993863032104945099308,
        325086257124285213851766091851041152224,
        259419752125077579925938638914351885859,
        98830016738039208993863032104945099308,
        271396537603239308019405811528515091131,
        91404617122712456832396001402940908454,
        271396537603239308019405811528515091131,
        325086257124285213851766091851041152224,
        60760293261653634209742904438587536373,
        325086257124285213851766091851041152224
      ],
      "coord": [-6.294318511091601, 106.7798321339392]
    }
  ],
  "cardboard_list": [
    {
      "id": 93045387422671598239278109628019821076,
      "size": [1447, 2127, 6194],
      "max_weight": 4.538115274123906,
      "name": "FlexSmallE5"
    },
    {
      "id": 59579684655111423494734303073682898206,
      "size": [2885, 4831, 8037],
      "max_weight": 6.203847147150884,
      "name": "HardLargeB2"
    },
    {
      "id": 38561902383325554287550178930494024595,
      "size": [1444, 3102, 7132],
      "max_weight": 2.263561363796615,
      "name": "EcoXXLE5"
    },
    {
      "id": 6615772445137537001903133226663515600,
      "size": [1483, 2113, 4100],
      "max_weight": 3.577560090672665,
      "name": "HardSmallB2"
    },
    {
      "id": 252822852703065088698509687201111064532,
      "size": [1458, 4328, 6109],
      "max_weight": 8.886314515011522,
      "name": "CorrLargeA1"
    },
    {
      "id": 246811350547434949207679058629117917849,
      "size": [1383, 8918, 9044],
      "max_weight": 2.0787493761903066,
      "name": "FlexLargeD4"
    },
    {
      "id": 201758440501550679159608678354863503019,
      "size": [3909, 6859, 8911],
      "max_weight": 3.7949962216724935,
      "name": "PackXLB2"
    },
    {
      "id": 93663470343261389756438601683329636593,
      "size": [5732, 6336, 9850],
      "max_weight": 7.892706480847673,
      "name": "PackMediumB2"
    },
    {
      "id": 142477859024218900943678576718398466539,
      "size": [1976, 6247, 9440],
      "max_weight": 9.428398940812786,
      "name": "CorrLargeD4"
    },
    {
      "id": 95110416979493482337649003800966007842,
      "size": [3742, 4390, 8112],
      "max_weight": 7.852847291814993,
      "name": "PackXXLE5"
    },
    {
      "id": 61521719465569508530079394314898861051,
      "size": [5908, 6673, 9086],
      "max_weight": 8.832938659157413,
      "name": "FlexLargeC3"
    },
    {
      "id": 255544384502288345197181112082203803337,
      "size": [5473, 8405, 9077],
      "max_weight": 5.794321812509397,
      "name": "HardSmallC3"
    },
    {
      "id": 29894547165138041037940469201755026125,
      "size": [4564, 9107, 9638],
      "max_weight": 2.519100799634902,
      "name": "PackSmallE5"
    },
    {
      "id": 101447116493538178946699033098144451587,
      "size": [2454, 6497, 6829],
      "max_weight": 4.306725811865038,
      "name": "FlexLargeB2"
    },
    {
      "id": 184110104230669874699646947230858872611,
      "size": [1145, 6349, 9534],
      "max_weight": 1.1051680017023493,
      "name": "HardLargeD4"
    },
    {
      "id": 144721600290035879870158874842019911139,
      "size": [3002, 7564, 7700],
      "max_weight": 3.028360247787661,
      "name": "CorrSmallB2"
    },
    {
      "id": 201655217878942939816001817382789459548,
      "size": [2878, 8907, 9519],
      "max_weight": 8.278272465866156,
      "name": "CorrXLD4"
    },
    {
      "id": 100771082627693480159513124271004888880,
      "size": [4997, 5268, 9690],
      "max_weight": 9.4876393843058,
      "name": "EcoMediumE5"
    },
    {
      "id": 283235782468131738710890303404236500579,
      "size": [2352, 4491, 4597],
      "max_weight": 4.3322877983493555,
      "name": "EcoLargeA1"
    },
    {
      "id": 245297380461259011210661540508936557562,
      "size": [1946, 4060, 8114],
      "max_weight": 5.240170380618123,
      "name": "PackSmallB2"
    },
    {
      "id": 157423612164776708552859051295825383063,
      "size": [1292, 3733, 3903],
      "max_weight": 5.815263233849008,
      "name": "CorrSmallE5"
    },
    {
      "id": 165831994732081045720433303286502637015,
      "size": [5723, 6765, 8934],
      "max_weight": 2.1805789736447494,
      "name": "EcoXLE5"
    },
    {
      "id": 140461577951383527397744655611817544747,
      "size": [2788, 5235, 5391],
      "max_weight": 9.29123986602626,
      "name": "FlexXXLC3"
    },
    {
      "id": 280736395820649703342721056892328964939,
      "size": [3989, 7606, 9994],
      "max_weight": 2.162965740615437,
      "name": "EcoXXLC3"
    },
    {
      "id": 248211144881961606625185478939162953001,
      "size": [6982, 9190, 9199],
      "max_weight": 7.140350580975753,
      "name": "CorrMediumB2"
    },
    {
      "id": 148010713886872736738667863847636846417,
      "size": [6010, 8421, 8812],
      "max_weight": 8.311230518473783,
      "name": "HardXXLD4"
    },
    {
      "id": 185974894418854000414661171725147603858,
      "size": [2877, 5745, 8508],
      "max_weight": 8.61886494031572,
      "name": "CorrMediumE5"
    },
    {
      "id": 93605162265252716193269092394510244018,
      "size": [3403, 5789, 8629],
      "max_weight": 2.270543800384651,
      "name": "PackXLA1"
    },
    {
      "id": 328417449872264821099273206302851208558,
      "size": [1202, 1205, 7604],
      "max_weight": 2.010922203976785,
      "name": "HardSmallA1"
    },
    {
      "id": 37919570372143512569249295678132207951,
      "size": [6219, 9035, 9978],
      "max_weight": 3.8515492493228205,
      "name": "EcoXLA1"
    },
    {
      "id": 108956029059316963655499448444306383463,
      "size": [2350, 6395, 6567],
      "max_weight": 1.2884516862037088,
      "name": "FlexMediumE5"
    },
    {
      "id": 236862937106686607299249367287312108059,
      "size": [5373, 7574, 7797],
      "max_weight": 1.13945880582181,
      "name": "CorrXXLB2"
    },
    {
      "id": 113663352363369072330128315339573828204,
      "size": [2510, 4655, 5021],
      "max_weight": 9.074175177296324,
      "name": "EcoLargeE5"
    },
    {
      "id": 106531714265750059474965644557388421991,
      "size": [1766, 2167, 9771],
      "max_weight": 7.806113620147167,
      "name": "PackMediumE5"
    },
    {
      "id": 259558050375943174032641976545185865295,
      "size": [1147, 2624, 8879],
      "max_weight": 5.446841361720153,
      "name": "HardMediumB2"
    },
    {
      "id": 179896477829406052511251799278024172880,
      "size": [3400, 5483, 9204],
      "max_weight": 7.059206192825115,
      "name": "FlexXLB2"
    },
    {
      "id": 169225289567442131063254867514350354877,
      "size": [2087, 4258, 6134],
      "max_weight": 6.078528019613735,
      "name": "CorrXXLA1"
    },
    {
      "id": 249775901244442207123011203977968130998,
      "size": [4695, 5468, 8574],
      "max_weight": 4.808290464759418,
      "name": "FlexXLC3"
    },
    {
      "id": 162146165124014046844300709531885361201,
      "size": [1061, 5977, 7694],
      "max_weight": 5.0049769675658435,
      "name": "FlexSmallB2"
    },
    {
      "id": 56956893345461467981641505344806193408,
      "size": [1070, 1405, 5265],
      "max_weight": 2.4211001577388274,
      "name": "CorrXXLE5"
    },
    {
      "id": 208383089901053740384554528585650827519,
      "size": [2402, 5782, 9040],
      "max_weight": 2.7264043333155006,
      "name": "HardXXLE5"
    },
    {
      "id": 248750604478192593838719787414559575883,
      "size": [3559, 5092, 8871],
      "max_weight": 6.15826024432092,
      "name": "PackMediumA1"
    },
    {
      "id": 66397494052389194146874357020972208109,
      "size": [1296, 7610, 9777],
      "max_weight": 7.567405676471852,
      "name": "HardSmallD4"
    },
    {
      "id": 157850803992576400469303517924771538530,
      "size": [2590, 5505, 6382],
      "max_weight": 4.001394348848089,
      "name": "HardMediumA1"
    },
    {
      "id": 281501560108236799785737425078992284799,
      "size": [3344, 4948, 5963],
      "max_weight": 5.044863019375348,
      "name": "HardSmallE5"
    },
    {
      "id": 96788473154665245234317460747674144136,
      "size": [1652, 8426, 8460],
      "max_weight": 2.409414593567499,
      "name": "PackXXLC3"
    },
    {
      "id": 6904886713347759125354637753150468774,
      "size": [4025, 8499, 9354],
      "max_weight": 8.965367115074338,
      "name": "HardXLA1"
    },
    {
      "id": 318588075434093048329281178626468837874,
      "size": [8060, 8077, 9396],
      "max_weight": 5.8773366823488855,
      "name": "HardLargeC3"
    },
    {
      "id": 112491111552493186306599048201397997238,
      "size": [7339, 9932, 9937],
      "max_weight": 2.9288325262023998,
      "name": "HardXXLB2"
    },
    {
      "id": 240412735013342366549420461152635072194,
      "size": [2064, 3015, 3777],
      "max_weight": 4.493924640230114,
      "name": "HardLargeE5"
    },
    {
      "id": 145631173677527163488796720706209343059,
      "size": [2757, 7642, 9457],
      "max_weight": 3.5010820141340977,
      "name": "PackMediumD4"
    },
    {
      "id": 151599280394999960422738476501906732187,
      "size": [1511, 3445, 7116],
      "max_weight": 1.9376058664449471,
      "name": "CorrMediumC3"
    },
    {
      "id": 291755419198473027471072146431011484507,
      "size": [3908, 5669, 6426],
      "max_weight": 9.193261220843365,
      "name": "EcoXLB2"
    },
    {
      "id": 58743066981256507208793906283191871625,
      "size": [3205, 5294, 9977],
      "max_weight": 9.895550427481618,
      "name": "CorrLargeC3"
    },
    {
      "id": 219145983275179214581875360947550077502,
      "size": [1541, 4859, 5540],
      "max_weight": 9.79862160705086,
      "name": "EcoXLC3"
    },
    {
      "id": 164475493056629781412717830544354720912,
      "size": [3406, 5594, 9621],
      "max_weight": 4.892204792741678,
      "name": "FlexSmallC3"
    },
    {
      "id": 162088390993777233276107640552667504370,
      "size": [5636, 6222, 8265],
      "max_weight": 8.289608402533585,
      "name": "FlexMediumA1"
    },
    {
      "id": 140490016417430719412559311652248001179,
      "size": [4577, 5622, 5789],
      "max_weight": 2.293520288902041,
      "name": "EcoXXLA1"
    },
    {
      "id": 116399260698961194762861896907261661964,
      "size": [7415, 8682, 8959],
      "max_weight": 5.754806827636991,
      "name": "HardXXLC3"
    },
    {
      "id": 222596695485308538505750051171773483656,
      "size": [1394, 7161, 9453],
      "max_weight": 1.7531093650153509,
      "name": "HardXLD4"
    },
    {
      "id": 253603730938763119321126734708872305654,
      "size": [5707, 8660, 8799],
      "max_weight": 5.216182728377499,
      "name": "EcoXXLB2"
    },
    {
      "id": 53124207284990280005516803066930539010,
      "size": [4838, 5993, 7403],
      "max_weight": 3.300081013196835,
      "name": "HardXLC3"
    },
    {
      "id": 36865977275916112258488390684066516821,
      "size": [3630, 7935, 8629],
      "max_weight": 3.293769544340293,
      "name": "EcoSmallB2"
    },
    {
      "id": 332293677397770894856537852374525800655,
      "size": [4390, 6180, 6946],
      "max_weight": 4.843848000248798,
      "name": "CorrSmallA1"
    },
    {
      "id": 211004127204502404263169909615459862746,
      "size": [5910, 8383, 8813],
      "max_weight": 3.4924176961173217,
      "name": "EcoXXLD4"
    },
    {
      "id": 328080718161984132359263451123311140523,
      "size": [1807, 9194, 9989],
      "max_weight": 7.114605523318158,
      "name": "PackXXLA1"
    },
    {
      "id": 87501086757986946618359730303842719360,
      "size": [2381, 4534, 8076],
      "max_weight": 6.742178473615488,
      "name": "HardMediumC3"
    },
    {
      "id": 325694902281963778522676598986443805601,
      "size": [1001, 5590, 7533],
      "max_weight": 4.119269192168389,
      "name": "CorrXLC3"
    },
    {
      "id": 231770756598028999994303501182213410807,
      "size": [3725, 4430, 9745],
      "max_weight": 4.069058810993869,
      "name": "EcoLargeB2"
    },
    {
      "id": 297514100742000682455478563441244695329,
      "size": [2351, 6093, 7257],
      "max_weight": 8.741076497110868,
      "name": "CorrLargeE5"
    },
    {
      "id": 108294673120526795802559635659735127754,
      "size": [3411, 5996, 6188],
      "max_weight": 6.1110334686714145,
      "name": "FlexMediumC3"
    },
    {
      "id": 128976636128361804728124077221559445289,
      "size": [2227, 2507, 8710],
      "max_weight": 2.707113039560878,
      "name": "CorrXLE5"
    },
    {
      "id": 231235914744058878956153367211916912868,
      "size": [7637, 8132, 8725],
      "max_weight": 5.387692287094676,
      "name": "PackXXLD4"
    },
    {
      "id": 291863246262305825255846363812841971675,
      "size": [1743, 6157, 6828],
      "max_weight": 9.942887826166386,
      "name": "FlexXLE5"
    },
    {
      "id": 173506337807855304257065687601270329167,
      "size": [3960, 4285, 4674],
      "max_weight": 5.771162116004661,
      "name": "PackLargeD4"
    },
    {
      "id": 90065136718043383137040314481682623536,
      "size": [3824, 6323, 9718],
      "max_weight": 3.9916725629655305,
      "name": "HardLargeA1"
    },
    {
      "id": 257180399302590760748547488579062808171,
      "size": [1497, 2513, 6612],
      "max_weight": 2.2765360827193426,
      "name": "EcoLargeC3"
    },
    {
      "id": 181680234505333284749727223865752734212,
      "size": [2028, 4699, 6486],
      "max_weight": 3.909744895848797,
      "name": "PackLargeC3"
    },
    {
      "id": 36047002660966962284546454246993317661,
      "size": [1077, 3826, 8335],
      "max_weight": 3.8326315251221184,
      "name": "FlexXXLA1"
    },
    {
      "id": 200065917598209241258395670125047615720,
      "size": [2570, 3446, 5615],
      "max_weight": 2.767996189997876,
      "name": "PackXXLB2"
    },
    {
      "id": 206249443209104918287318773111143640498,
      "size": [3714, 4700, 8049],
      "max_weight": 6.752543346758294,
      "name": "HardMediumE5"
    },
    {
      "id": 84582823250188338695971618164131943501,
      "size": [2281, 7616, 8865],
      "max_weight": 9.014493826307826,
      "name": "HardXXLA1"
    },
    {
      "id": 165926398790136745511589311612697851702,
      "size": [2166, 2349, 5604],
      "max_weight": 6.436533862770385,
      "name": "FlexMediumD4"
    },
    {
      "id": 54876758976340591856945862877543265421,
      "size": [1810, 6507, 7866],
      "max_weight": 7.374426459127772,
      "name": "CorrSmallC3"
    },
    {
      "id": 20502365558943855766667145660066036395,
      "size": [7964, 8660, 8985],
      "max_weight": 3.435069089649923,
      "name": "FlexSmallA1"
    },
    {
      "id": 23404638761689063539263115690113366512,
      "size": [1139, 7634, 9730],
      "max_weight": 8.339341188836407,
      "name": "EcoMediumA1"
    },
    {
      "id": 55574594421251986001005648489172765948,
      "size": [1073, 5898, 9077],
      "max_weight": 1.720267562388163,
      "name": "CorrMediumD4"
    },
    {
      "id": 918493149785450986673116941257221268,
      "size": [5170, 7586, 9830],
      "max_weight": 6.047823830971274,
      "name": "FlexXLA1"
    },
    {
      "id": 266253847927855592131744389286984094268,
      "size": [1165, 3793, 6039],
      "max_weight": 3.0240633456560877,
      "name": "FlexXXLE5"
    },
    {
      "id": 114376734063159814422203789360184730594,
      "size": [1124, 7529, 8611],
      "max_weight": 4.230297289231563,
      "name": "CorrXXLD4"
    },
    {
      "id": 296332539809105404109111409697880840980,
      "size": [4916, 5483, 9880],
      "max_weight": 9.558243675824018,
      "name": "EcoMediumD4"
    },
    {
      "id": 19818630599081316116733455960004658108,
      "size": [2170, 8493, 9367],
      "max_weight": 7.230466929609161,
      "name": "PackSmallC3"
    },
    {
      "id": 237759138740595729526543053772447717504,
      "size": [5048, 7103, 7392],
      "max_weight": 7.9794172877053935,
      "name": "EcoMediumC3"
    },
    {
      "id": 269621406832897530806052596940486672726,
      "size": [1649, 5925, 6473],
      "max_weight": 8.731111777778743,
      "name": "PackLargeE5"
    },
    {
      "id": 55734706663546005127767131950848130409,
      "size": [1352, 4043, 5807],
      "max_weight": 1.0707870224378873,
      "name": "PackMediumC3"
    },
    {
      "id": 6750305160299362108196875936951399214,
      "size": [3047, 5394, 9429],
      "max_weight": 7.0735011087160915,
      "name": "CorrXLB2"
    },
    {
      "id": 338891097347355521036180903600095794063,
      "size": [5715, 6247, 8261],
      "max_weight": 8.193871592440136,
      "name": "FlexMediumB2"
    },
    {
      "id": 178062808882370928482390057736379357885,
      "size": [1929, 4461, 5533],
      "max_weight": 5.4159208991578005,
      "name": "EcoSmallC3"
    },
    {
      "id": 259709795834879376297607415222278235787,
      "size": [1571, 8358, 9133],
      "max_weight": 6.892251114885961,
      "name": "HardMediumD4"
    },
    {
      "id": 269256995467704135833366140829019955546,
      "size": [2096, 6462, 8477],
      "max_weight": 8.145001170938245,
      "name": "EcoSmallE5"
    }
  ],
  "depot_coord": [-6.261121157802504, 106.89666745192797],
  "max_duration": 10000000000000.0,
  "distance_matrix": [
    [
      0.0, 10.759453920105114, 16.356774294240957, 10.94834962160361,
      22.287404472799295, 21.817294926847282, 18.685223043915975,
      25.74533627413834, 9.949276674032625, 16.157628194260898,
      13.430826984085861
    ],
    [
      10.759453920105114, 0.0, 21.201032815921703, 3.9030825201228376,
      19.597975617443826, 12.966154689443613, 8.984957941221396,
      20.991862193946474, 1.4995828009657284, 14.438147772216132,
      2.8760408831325637
    ],
    [
      16.356774294240957, 21.201032815921703, 0.0, 18.058294767651997,
      14.138065369783062, 23.716781334970445, 23.436928093585067,
      19.273102748937028, 19.706656353178097, 11.068916790170832,
      23.84163193881719
    ],
    [
      10.94834962160361, 3.9030825201228376, 18.058294767651997, 0.0,
      15.733211353801769, 10.946990084986085, 7.786779039853079,
      17.41144796276823, 2.682642106824809, 10.54882099684798, 5.951254376273657
    ],
    [
      22.287404472799295, 19.597975617443826, 14.138065369783062,
      15.733211353801769, 0.0, 13.64642960178748, 15.83392350071248,
      5.152385732742372, 18.40110659101585, 6.132220963381917, 20.96965297466437
    ],
    [
      21.817294926847282, 12.966154689443613, 23.716781334970445,
      10.946990084986085, 13.64642960178748, 0.0, 4.299332487608908,
      11.696898409641513, 12.781945900512103, 12.77180690491016,
      12.329044199541308
    ],
    [
      18.685223043915975, 8.984957941221396, 23.436928093585067,
      7.786779039853079, 15.83392350071248, 4.299332487608908, 0.0,
      15.04074785540299, 9.064373848753396, 13.225150761230564,
      8.060341916018773
    ],
    [
      25.74533627413834, 20.991862193946474, 19.273102748937028,
      17.41144796276823, 5.152385732742372, 11.696898409641513,
      15.04074785540299, 0.0, 20.055695009928307, 10.066227385021541,
      21.71548078376574
    ],
    [
      9.949276674032625, 1.4995828009657284, 19.706656353178097,
      2.682642106824809, 18.40110659101585, 12.781945900512103,
      9.064373848753396, 20.055695009928307, 0.0, 13.087183789193341,
      4.2464071203573335
    ],
    [
      16.157628194260898, 14.438147772216132, 11.068916790170832,
      10.54882099684798, 6.132220963381917, 12.77180690491016,
      13.225150761230564, 10.066227385021541, 13.087183789193341, 0.0,
      16.301191265881375
    ],
    [
      13.430826984085861, 2.8760408831325637, 23.84163193881719,
      5.951254376273657, 20.96965297466437, 12.329044199541308,
      8.060341916018773, 21.71548078376574, 4.2464071203573335,
      16.301191265881375, 0.0
    ]
  ]
}
