{
  "product_type": [
    {
      "id": 269209412539838439716875790786397276556,
      "weight": 7.0855905584215,
      "size": [7, 8, 7],
      "need_refrigeration": true,
      "is_fragile": true,
      "name": "NeostatinRX"
    },
    {
      "id": 140155293554524877140722699355876449593,
      "weight": 8.308462286684186,
      "size": [9, 2, 6],
      "need_refrigeration": false,
      "is_fragile": true,
      "name": "NeololPlus"
    },
    {
      "id": 243827634977470738178092955232274044630,
      "weight": 1.1864625404443754,
      "size": [1, 5, 4],
      "need_refrigeration": false,
      "is_fragile": true,
      "name": "MedlolRX"
    },
    {
      "id": 333659222751019348851178363365480634228,
      "weight": 8.149197404100786,
      "size": [7, 3, 9],
      "need_refrigeration": true,
      "is_fragile": true,
      "name": "TheravirXL"
    },
    {
      "id": 339221789183610901942988453877225746160,
      "weight": 6.659499046655701,
      "size": [5, 9, 2],
      "need_refrigeration": false,
      "is_fragile": false,
      "name": "BiocillinEZ"
    },
    {
      "id": 295567797423478664987533779236882127610,
      "weight": 1.4712605583103708,
      "size": [4, 2, 9],
      "need_refrigeration": false,
      "is_fragile": true,
      "name": "UltrastatinEZ"
    },
    {
      "id": 79966878557230236409216332013721454267,
      "weight": 4.701681076930004,
      "size": [2, 1, 9],
      "need_refrigeration": true,
      "is_fragile": true,
      "name": "BiovirPlus"
    },
    {
      "id": 216758361872696888376527627648517476066,
      "weight": 3.3742221802014427,
      "size": [6, 2, 1],
      "need_refrigeration": false,
      "is_fragile": true,
      "name": "MaxmabRX"
    },
    {
      "id": 168542332693317198365458435911553837288,
      "weight": 7.4052325323313966,
      "size": [5, 3, 2],
      "need_refrigeration": true,
      "is_fragile": true,
      "name": "MaxlolRX"
    },
    {
      "id": 174648652624110048315479199794090165251,
      "weight": 3.5246753031327107,
      "size": [1, 4, 6],
      "need_refrigeration": true,
      "is_fragile": false,
      "name": "MedprofenEZ"
    }
  ],
  "vehicle_list": [
    {
      "box_size": [13835, 63682, 97625],
      "box_max_weight": 2.420810448555779,
      "cost_per_km": 41.022770574090586,
      "cost_per_kg": 16.50400828507535,
      "is_reefer": false,
      "max_duration": 10000000000000.0,
      "vehicle_type": "TrailZXL",
      "id": 339152416719615517435931718104905862351
    },
    {
      "box_size": [22993, 28670, 65432],
      "box_max_weight": 1.041280496544751,
      "cost_per_km": 12.440975222557936,
      "cost_per_kg": 53.00738809378711,
      "is_reefer": false,
      "max_duration": 10000000000000.0,
      "vehicle_type": "TitanZ3500",
      "id": 178331409895440169608077296385117100499
    },
    {
      "box_size": [43570, 50683, 52487],
      "box_max_weight": 3.108320540246155,
      "cost_per_km": 46.72639004555616,
      "cost_per_kg": 27.416975723647067,
      "is_reefer": true,
      "max_duration": 10000000000000.0,
      "vehicle_type": "TrailEliteHD",
      "id": 220926199868519160032012738204523133901
    },
    {
      "box_size": [62661, 84462, 97997],
      "box_max_weight": 8.682903639314514,
      "cost_per_km": 23.284676307674708,
      "cost_per_kg": 57.46419144318666,
      "is_reefer": false,
      "max_duration": 10000000000000.0,
      "vehicle_type": "HaulT4500",
      "id": 178750523773347671490399782222636286373
    },
    {
      "box_size": [14440, 36506, 75449],
      "box_max_weight": 3.981207352486871,
      "cost_per_km": 35.73457966980867,
      "cost_per_kg": 70.80356746050755,
      "is_reefer": true,
      "max_duration": 10000000000000.0,
      "vehicle_type": "IronR3500",
      "id": 226938683139661050965808465738924070615
    },
    {
      "box_size": [14232, 42658, 65362],
      "box_max_weight": 4.954715463893503,
      "cost_per_km": 34.73459644143705,
      "cost_per_kg": 77.13928433978005,
      "is_reefer": true,
      "max_duration": 10000000000000.0,
      "vehicle_type": "MegaX5500",
      "id": 92137959140354498948754781371087062302
    },
    {
      "box_size": [29766, 79202, 79992],
      "box_max_weight": 8.233507631660732,
      "cost_per_km": 24.086749437219048,
      "cost_per_kg": 95.99018296690843,
      "is_reefer": true,
      "max_duration": 10000000000000.0,
      "vehicle_type": "HaulPro4500",
      "id": 117130713833633437186403433688176779709
    },
    {
      "box_size": [43354, 89116, 89720],
      "box_max_weight": 8.23185498482197,
      "cost_per_km": 80.37749438166404,
      "cost_per_kg": 62.26036060125396,
      "is_reefer": false,
      "max_duration": 10000000000000.0,
      "vehicle_type": "TitanZ4500",
      "id": 122750555273401165394445503901688294945
    },
    {
      "box_size": [57867, 73698, 80850],
      "box_max_weight": 8.766051799517502,
      "cost_per_km": 87.50843430714794,
      "cost_per_kg": 60.6732477403254,
      "is_reefer": true,
      "max_duration": 10000000000000.0,
      "vehicle_type": "HaulTXL",
      "id": 335050084473424943062377373766370102751
    },
    {
      "box_size": [35922, 72508, 95703],
      "box_max_weight": 7.848779844716152,
      "cost_per_km": 84.7056798128466,
      "cost_per_kg": 79.07169649000264,
      "is_reefer": true,
      "max_duration": 10000000000000.0,
      "vehicle_type": "TitanTXL",
      "id": 112811541290458100841848459654427066084
    }
  ],
  "order_list": [
    {
      "id": 48785498134157859493243747277617241279,
      "customer_name": "Dr.SarahHernandez",
      "item_list": [
        269209412539838439716875790786397276556,
        216758361872696888376527627648517476066,
        79966878557230236409216332013721454267,
        168542332693317198365458435911553837288,
        168542332693317198365458435911553837288,
        269209412539838439716875790786397276556,
        174648652624110048315479199794090165251,
        168542332693317198365458435911553837288,
        339221789183610901942988453877225746160,
        295567797423478664987533779236882127610
      ],
      "coord": [-6.207028554720083, 106.74036744279707]
    },
    {
      "id": 148733320391214227579622996365709776552,
      "customer_name": "Mr.JohnGarcia",
      "item_list": [
        243827634977470738178092955232274044630,
        333659222751019348851178363365480634228,
        243827634977470738178092955232274044630,
        333659222751019348851178363365480634228,
        174648652624110048315479199794090165251,
        140155293554524877140722699355876449593,
        174648652624110048315479199794090165251,
        174648652624110048315479199794090165251,
        168542332693317198365458435911553837288,
        269209412539838439716875790786397276556
      ],
      "coord": [-6.1372736573418205, 106.81272271538616]
    },
    {
      "id": 32312638728638962491254384433329126208,
      "customer_name": "Ms.SarahMartinez",
      "item_list": [
        333659222751019348851178363365480634228,
        168542332693317198365458435911553837288,
        79966878557230236409216332013721454267,
        216758361872696888376527627648517476066,
        339221789183610901942988453877225746160,
        168542332693317198365458435911553837288,
        140155293554524877140722699355876449593,
        295567797423478664987533779236882127610,
        243827634977470738178092955232274044630,
        269209412539838439716875790786397276556
      ],
      "coord": [-6.231538472465865, 106.73767858652415]
    },
    {
      "id": 145419592676796449873936618977032990650,
      "customer_name": "Ms.LauraJones",
      "item_list": [
        243827634977470738178092955232274044630,
        168542332693317198365458435911553837288,
        333659222751019348851178363365480634228,
        333659222751019348851178363365480634228,
        243827634977470738178092955232274044630,
        269209412539838439716875790786397276556,
        243827634977470738178092955232274044630,
        243827634977470738178092955232274044630,
        243827634977470738178092955232274044630,
        243827634977470738178092955232274044630
      ],
      "coord": [-6.109993058918051, 106.84778043795401]
    },
    {
      "id": 65350350230611711771309317813390095320,
      "customer_name": "Dr.LauraWilliams",
      "item_list": [
        174648652624110048315479199794090165251,
        216758361872696888376527627648517476066,
        295567797423478664987533779236882127610,
        140155293554524877140722699355876449593,
        174648652624110048315479199794090165251,
        168542332693317198365458435911553837288,
        243827634977470738178092955232274044630,
        243827634977470738178092955232274044630,
        339221789183610901942988453877225746160,
        140155293554524877140722699355876449593
      ],
      "coord": [-6.241529494501199, 106.74754734870052]
    },
    {
      "id": 252801157027300162844935008474191266794,
      "customer_name": "MichaelBrown",
      "item_list": [
        168542332693317198365458435911553837288,
        174648652624110048315479199794090165251,
        216758361872696888376527627648517476066,
        243827634977470738178092955232274044630,
        269209412539838439716875790786397276556,
        140155293554524877140722699355876449593,
        216758361872696888376527627648517476066,
        174648652624110048315479199794090165251,
        174648652624110048315479199794090165251,
        243827634977470738178092955232274044630
      ],
      "coord": [-6.241938362485198, 106.7179347065579]
    },
    {
      "id": 285522712088341770674571381399237343087,
      "customer_name": "Mrs.EmilyJohnson",
      "item_list": [
        216758361872696888376527627648517476066,
        339221789183610901942988453877225746160,
        79966878557230236409216332013721454267,
        333659222751019348851178363365480634228,
        168542332693317198365458435911553837288,
        168542332693317198365458435911553837288,
        269209412539838439716875790786397276556,
        243827634977470738178092955232274044630,
        339221789183610901942988453877225746160,
        339221789183610901942988453877225746160
      ],
      "coord": [-6.1554223467468665, 106.89790547344415]
    },
    {
      "id": 106642710128458476018993393009583062925,
      "customer_name": "Ms.EmmaMartinez",
      "item_list": [
        140155293554524877140722699355876449593,
        269209412539838439716875790786397276556,
        243827634977470738178092955232274044630,
        333659222751019348851178363365480634228,
        243827634977470738178092955232274044630,
        295567797423478664987533779236882127610,
        216758361872696888376527627648517476066,
        216758361872696888376527627648517476066,
        295567797423478664987533779236882127610,
        216758361872696888376527627648517476066
      ],
      "coord": [-6.231076052885248, 106.74814864887384]
    },
    {
      "id": 192023971776664102198193864156895706690,
      "customer_name": "Mr.ChrisGarcia",
      "item_list": [
        339221789183610901942988453877225746160,
        269209412539838439716875790786397276556,
        216758361872696888376527627648517476066,
        140155293554524877140722699355876449593,
        140155293554524877140722699355876449593,
        174648652624110048315479199794090165251,
        140155293554524877140722699355876449593,
        243827634977470738178092955232274044630,
        339221789183610901942988453877225746160,
        140155293554524877140722699355876449593
      ],
      "coord": [-6.269045917374445, 106.72038726087841]
    },
    {
      "id": 47330491226653923361321018195254491041,
      "customer_name": "Mr.EmilyGarcia",
      "item_list": [
        333659222751019348851178363365480634228,
        174648652624110048315479199794090165251,
        333659222751019348851178363365480634228,
        140155293554524877140722699355876449593,
        295567797423478664987533779236882127610,
        140155293554524877140722699355876449593,
        79966878557230236409216332013721454267,
        295567797423478664987533779236882127610,
        269209412539838439716875790786397276556,
        243827634977470738178092955232274044630
      ],
      "coord": [-6.139718744933786, 106.80963426085275]
    }
  ],
  "cardboard_list": [
    {
      "id": 160727012695227211521332263949213539325,
      "size": [2764, 5608, 7470],
      "max_weight": 5.910747523943906,
      "name": "HardSmallA1"
    },
    {
      "id": 241146661417165233413177206655528721596,
      "size": [5031, 5129, 5979],
      "max_weight": 9.119285297287258,
      "name": "CorrMediumA1"
    },
    {
      "id": 33727891664522998927225995371028653704,
      "size": [3545, 7895, 8861],
      "max_weight": 9.690247211873833,
      "name": "FlexSmallB2"
    },
    {
      "id": 78887110347345156979218037676310411658,
      "size": [4144, 6123, 9559],
      "max_weight": 8.635165129313554,
      "name": "EcoXLC3"
    },
    {
      "id": 180858732786015021889213342269098446194,
      "size": [1440, 4676, 6747],
      "max_weight": 6.3477489379808265,
      "name": "FlexXXLD4"
    },
    {
      "id": 298989646059136292180496162042442231509,
      "size": [2996, 5808, 8426],
      "max_weight": 8.386991147942776,
      "name": "CorrXLA1"
    },
    {
      "id": 14417270226729059892987764146144562210,
      "size": [1357, 3760, 7901],
      "max_weight": 3.327202199621355,
      "name": "EcoLargeE5"
    },
    {
      "id": 23366174840216337587850911020475809540,
      "size": [1542, 4785, 5127],
      "max_weight": 9.581024622693612,
      "name": "FlexXXLE5"
    },
    {
      "id": 125954052818811992574110685095332701040,
      "size": [2884, 4986, 5209],
      "max_weight": 9.875779239572768,
      "name": "PackLargeC3"
    },
    {
      "id": 340264869012407855468600886584925586910,
      "size": [3067, 4936, 5752],
      "max_weight": 6.295087293715543,
      "name": "HardXLD4"
    },
    {
      "id": 45811166663565905631234337176160879683,
      "size": [1059, 1312, 4709],
      "max_weight": 6.451020437353858,
      "name": "HardXXLD4"
    },
    {
      "id": 129417352355569877722227199263567345512,
      "size": [1057, 3524, 5294],
      "max_weight": 1.3048098921584168,
      "name": "PackXXLD4"
    },
    {
      "id": 45068259205349098704699315318367385428,
      "size": [6834, 7901, 9641],
      "max_weight": 6.6801121140981525,
      "name": "FlexLargeE5"
    },
    {
      "id": 128477211623996328980996480500311454699,
      "size": [4252, 5925, 6482],
      "max_weight": 7.071649988029813,
      "name": "FlexLargeA1"
    },
    {
      "id": 109467806758903562840308940271642772048,
      "size": [2235, 3499, 4747],
      "max_weight": 8.394137146209477,
      "name": "CorrLargeD4"
    },
    {
      "id": 6065512440221284177904951843645836446,
      "size": [2179, 5518, 6033],
      "max_weight": 9.91637463093521,
      "name": "EcoSmallA1"
    },
    {
      "id": 287340981005290701709289980377501195063,
      "size": [5677, 6262, 7678],
      "max_weight": 2.4034217617523304,
      "name": "EcoLargeC3"
    },
    {
      "id": 318373878612582508395529089384658324010,
      "size": [4452, 5032, 5997],
      "max_weight": 4.100376677666385,
      "name": "HardXXLC3"
    },
    {
      "id": 270154822173177596420649352552045270359,
      "size": [3727, 4420, 7124],
      "max_weight": 5.012220935957177,
      "name": "PackMediumD4"
    },
    {
      "id": 54045595550573122825563579467611285150,
      "size": [1410, 2944, 7356],
      "max_weight": 4.445070712613135,
      "name": "PackLargeA1"
    },
    {
      "id": 6230015562281989373115615392325484596,
      "size": [3629, 4848, 5632],
      "max_weight": 5.099944270388793,
      "name": "PackMediumB2"
    },
    {
      "id": 207245997507310449985275800799150289727,
      "size": [2098, 3903, 9270],
      "max_weight": 3.6431348424390753,
      "name": "PackSmallC3"
    },
    {
      "id": 125107172833563135047297650833238392868,
      "size": [2897, 3757, 5510],
      "max_weight": 8.880527973465462,
      "name": "HardXLB2"
    },
    {
      "id": 251987039630772274304072679892981992016,
      "size": [1854, 3412, 4019],
      "max_weight": 5.337234610615354,
      "name": "CorrXXLD4"
    },
    {
      "id": 320091803958312168683278344590839217801,
      "size": [1331, 2239, 6513],
      "max_weight": 8.909142862493411,
      "name": "PackMediumA1"
    },
    {
      "id": 34028434648622548553792958152218681784,
      "size": [6110, 6492, 7161],
      "max_weight": 4.887768390240044,
      "name": "PackLargeE5"
    },
    {
      "id": 164877375063218405773662968678476398633,
      "size": [3756, 4702, 5022],
      "max_weight": 9.653833850397888,
      "name": "CorrXXLE5"
    },
    {
      "id": 294052102561572557771133941032595875956,
      "size": [3398, 3617, 5105],
      "max_weight": 7.613930189050769,
      "name": "PackXLB2"
    },
    {
      "id": 260413799972396142597761443686618826557,
      "size": [2916, 4025, 9780],
      "max_weight": 7.361584234631442,
      "name": "EcoMediumA1"
    },
    {
      "id": 265624322755053499539373856809842133302,
      "size": [2699, 5206, 7384],
      "max_weight": 1.1602578152003984,
      "name": "PackMediumE5"
    },
    {
      "id": 200715567512495094993025663622121707508,
      "size": [5146, 7354, 7369],
      "max_weight": 5.548037719293968,
      "name": "CorrLargeC3"
    },
    {
      "id": 82994530410312623279460831530555131876,
      "size": [5322, 5946, 7172],
      "max_weight": 3.5230227117076733,
      "name": "PackSmallA1"
    },
    {
      "id": 131037083222795768306144982737026101642,
      "size": [5516, 5874, 9550],
      "max_weight": 7.565636197950516,
      "name": "CorrXLD4"
    },
    {
      "id": 10831636722057388291543117393996374436,
      "size": [1444, 2833, 7310],
      "max_weight": 4.921295866361461,
      "name": "PackSmallD4"
    },
    {
      "id": 114789177678951346586593887071377660775,
      "size": [6785, 7373, 8275],
      "max_weight": 2.088095028170411,
      "name": "FlexSmallD4"
    },
    {
      "id": 200777892643734459834282339675935235359,
      "size": [1560, 1698, 6009],
      "max_weight": 1.5008646179149043,
      "name": "PackMediumC3"
    },
    {
      "id": 336683050906413475127122586629094676492,
      "size": [3795, 3941, 5367],
      "max_weight": 2.986233817646186,
      "name": "EcoXLE5"
    },
    {
      "id": 333209634263577441002393699577820781806,
      "size": [4298, 4928, 5808],
      "max_weight": 7.554896744416711,
      "name": "HardMediumD4"
    },
    {
      "id": 236575944338831065206645972861922107748,
      "size": [1193, 3585, 5798],
      "max_weight": 4.258039644591806,
      "name": "PackXXLA1"
    },
    {
      "id": 190056993526765015337176514908984986435,
      "size": [2935, 3242, 3905],
      "max_weight": 5.5271746061587255,
      "name": "PackXXLE5"
    },
    {
      "id": 224272330203415683834567973318494007492,
      "size": [1625, 4755, 9000],
      "max_weight": 3.328498108177386,
      "name": "CorrMediumD4"
    },
    {
      "id": 304285664729171454346004191128036767458,
      "size": [1525, 7679, 9315],
      "max_weight": 9.370077066744738,
      "name": "EcoXLD4"
    },
    {
      "id": 30147195522808084132523341225684456192,
      "size": [1874, 5825, 6417],
      "max_weight": 4.5067921413404815,
      "name": "CorrXXLB2"
    },
    {
      "id": 284599077944088883374627029685187613748,
      "size": [2714, 3918, 8679],
      "max_weight": 3.3359215866954472,
      "name": "HardXLE5"
    },
    {
      "id": 287680636405739287817829208303616385621,
      "size": [1455, 3262, 3324],
      "max_weight": 7.871594255010465,
      "name": "HardMediumA1"
    },
    {
      "id": 248945349485271305333730099695797273442,
      "size": [4271, 6018, 7418],
      "max_weight": 9.576738231933986,
      "name": "HardXXLB2"
    },
    {
      "id": 74504724571047048888959003386559505430,
      "size": [3559, 7662, 8453],
      "max_weight": 5.422185662310236,
      "name": "FlexLargeC3"
    },
    {
      "id": 116355821475856005650422567118604796082,
      "size": [5358, 6930, 7964],
      "max_weight": 1.0486659566456318,
      "name": "PackSmallB2"
    },
    {
      "id": 119888572767720536965522165404078493959,
      "size": [2328, 3311, 4801],
      "max_weight": 8.925137879709226,
      "name": "EcoLargeD4"
    },
    {
      "id": 69638032126889979831613404116141027252,
      "size": [1084, 8230, 8231],
      "max_weight": 1.032585452528779,
      "name": "FlexMediumE5"
    },
    {
      "id": 125391987746683345762728341301215341973,
      "size": [1115, 1853, 2888],
      "max_weight": 4.733710735996907,
      "name": "EcoSmallC3"
    },
    {
      "id": 130327529065268433291456572931281820833,
      "size": [2694, 5439, 6260],
      "max_weight": 4.499684224620271,
      "name": "PackLargeB2"
    },
    {
      "id": 333082059056809359917809323625999107222,
      "size": [4496, 6763, 8799],
      "max_weight": 6.35344123170288,
      "name": "PackXLE5"
    },
    {
      "id": 78693292317484514044678393477805397859,
      "size": [6050, 6317, 9848],
      "max_weight": 1.340362776004325,
      "name": "FlexLargeD4"
    },
    {
      "id": 145420733645702998120150426231470074127,
      "size": [2737, 4683, 5216],
      "max_weight": 3.878847407106264,
      "name": "PackXLD4"
    },
    {
      "id": 109474985669244133425616839052747587656,
      "size": [2945, 4477, 4606],
      "max_weight": 4.083670417406495,
      "name": "EcoLargeA1"
    },
    {
      "id": 319344473108904228705188741583634618333,
      "size": [5008, 6191, 7527],
      "max_weight": 5.8852747757157475,
      "name": "PackXLA1"
    },
    {
      "id": 102717196487309369668823992395024297948,
      "size": [2067, 2849, 7939],
      "max_weight": 9.266856452348364,
      "name": "PackXXLB2"
    },
    {
      "id": 58443373026196451588681631826306974741,
      "size": [8001, 8906, 9849],
      "max_weight": 5.618103031982351,
      "name": "CorrMediumE5"
    },
    {
      "id": 106078727538075810920013579731948231221,
      "size": [4268, 7541, 9446],
      "max_weight": 9.304338138044924,
      "name": "HardXLA1"
    },
    {
      "id": 163583628915162473889635659782571822055,
      "size": [2006, 7162, 7422],
      "max_weight": 9.37861324696367,
      "name": "HardXXLA1"
    },
    {
      "id": 161518628129849110650755481025907383874,
      "size": [2379, 5422, 6978],
      "max_weight": 4.777938829160533,
      "name": "EcoXXLD4"
    },
    {
      "id": 32055125314185801133167259559801354853,
      "size": [3707, 6065, 6917],
      "max_weight": 4.644201145518085,
      "name": "FlexXLC3"
    },
    {
      "id": 32933119022127577939630230442311497902,
      "size": [6942, 7478, 9678],
      "max_weight": 2.0613454123341564,
      "name": "EcoXLA1"
    },
    {
      "id": 37865803113425023781077974125609656703,
      "size": [1889, 2241, 4767],
      "max_weight": 9.782534283784415,
      "name": "CorrXXLC3"
    },
    {
      "id": 194934002416477556107842028706290357719,
      "size": [1039, 7672, 9184],
      "max_weight": 3.607729599242882,
      "name": "EcoSmallB2"
    },
    {
      "id": 43706864874539873658352069075030178005,
      "size": [2988, 9085, 9088],
      "max_weight": 3.4108191974731206,
      "name": "FlexMediumD4"
    },
    {
      "id": 175528892407417740251955144806387141257,
      "size": [4248, 5408, 6468],
      "max_weight": 2.764066394597723,
      "name": "CorrXLC3"
    },
    {
      "id": 220971445727083794187152464257468329982,
      "size": [5295, 7239, 7713],
      "max_weight": 7.544859283583852,
      "name": "EcoMediumD4"
    },
    {
      "id": 8593054336222897264359787996818699387,
      "size": [1118, 3382, 4193],
      "max_weight": 9.33261234957097,
      "name": "HardXLC3"
    },
    {
      "id": 73877465754582961687478156069728797444,
      "size": [2596, 8211, 8919],
      "max_weight": 9.41071611895434,
      "name": "EcoXXLE5"
    },
    {
      "id": 66537399617197813259617353498761901373,
      "size": [2800, 4243, 4727],
      "max_weight": 2.7286383600304767,
      "name": "CorrXLE5"
    },
    {
      "id": 60557715487926841260176083285748099870,
      "size": [1394, 4974, 7582],
      "max_weight": 6.058900659678678,
      "name": "EcoSmallE5"
    },
    {
      "id": 118134242326133977227997604189522163960,
      "size": [2583, 2982, 8236],
      "max_weight": 5.424221871089584,
      "name": "HardLargeE5"
    },
    {
      "id": 76344605059145899171004872229934133390,
      "size": [2682, 6006, 7223],
      "max_weight": 7.018266192209443,
      "name": "EcoXXLA1"
    },
    {
      "id": 70623354012940268206548188409987700393,
      "size": [2865, 5369, 6112],
      "max_weight": 8.127649381953635,
      "name": "FlexXXLC3"
    },
    {
      "id": 263490871297557139664770353032542118189,
      "size": [2888, 6627, 9644],
      "max_weight": 4.9493798697562035,
      "name": "EcoXXLB2"
    },
    {
      "id": 71544093231644128400151942228731433990,
      "size": [5160, 5374, 7084],
      "max_weight": 9.400536851195298,
      "name": "FlexMediumC3"
    },
    {
      "id": 30863100988597789061963448178182588914,
      "size": [1616, 3643, 9732],
      "max_weight": 4.320258925247267,
      "name": "FlexXXLA1"
    },
    {
      "id": 195853351504359183707586183342335764371,
      "size": [1251, 2273, 8358],
      "max_weight": 2.191541676817323,
      "name": "HardSmallC3"
    },
    {
      "id": 250274754559059258490834073315172341663,
      "size": [2580, 2964, 8262],
      "max_weight": 9.999061178541917,
      "name": "EcoSmallD4"
    },
    {
      "id": 215430529944038669113720299211563795395,
      "size": [4574, 4758, 6219],
      "max_weight": 9.55470304269329,
      "name": "FlexMediumA1"
    },
    {
      "id": 226502394615182536777948478422324221418,
      "size": [4052, 4520, 6246],
      "max_weight": 8.324014791005379,
      "name": "FlexMediumB2"
    },
    {
      "id": 325546667391892370491098526826968063870,
      "size": [3314, 8644, 9013],
      "max_weight": 4.713735970810882,
      "name": "HardXXLE5"
    },
    {
      "id": 82382051586833760209409130491584881400,
      "size": [1165, 3531, 5182],
      "max_weight": 7.766945004618441,
      "name": "FlexXLD4"
    },
    {
      "id": 247255542101598636280093569198648785816,
      "size": [3691, 6265, 7604],
      "max_weight": 1.6450187483546996,
      "name": "CorrLargeA1"
    },
    {
      "id": 44766465723328880446164155014445936486,
      "size": [3362, 5385, 9099],
      "max_weight": 9.96680137421565,
      "name": "EcoMediumB2"
    },
    {
      "id": 171969232314108575656345884894143659676,
      "size": [1082, 2504, 6436],
      "max_weight": 9.642972716204454,
      "name": "FlexXXLB2"
    },
    {
      "id": 237206034947195745936076047211760214536,
      "size": [3740, 4895, 8328],
      "max_weight": 5.144962872769888,
      "name": "HardSmallE5"
    },
    {
      "id": 143965054611729232299445075396996839967,
      "size": [8800, 9197, 9465],
      "max_weight": 4.29110120397578,
      "name": "PackXXLC3"
    },
    {
      "id": 114311960642134352966765906607229467648,
      "size": [3233, 4802, 9065],
      "max_weight": 7.845669611185418,
      "name": "CorrLargeB2"
    },
    {
      "id": 14688099416753961858118076968402528937,
      "size": [1459, 2477, 6961],
      "max_weight": 7.773576897120967,
      "name": "HardLargeB2"
    },
    {
      "id": 19788658755431024927472244243034115422,
      "size": [5224, 6230, 9941],
      "max_weight": 3.3453300755876594,
      "name": "CorrLargeE5"
    },
    {
      "id": 195141431200506275510295018235206308061,
      "size": [1814, 5116, 5503],
      "max_weight": 8.10059604220033,
      "name": "HardMediumC3"
    },
    {
      "id": 214404705533624786910891769321181085085,
      "size": [6875, 8465, 8511],
      "max_weight": 5.4341303227828215,
      "name": "CorrMediumB2"
    },
    {
      "id": 36779492726033816610921562534678058072,
      "size": [2727, 4777, 6196],
      "max_weight": 1.3759748190333765,
      "name": "EcoMediumE5"
    },
    {
      "id": 78326237568576778310422516007010947769,
      "size": [5078, 5260, 7901],
      "max_weight": 9.584082533104963,
      "name": "HardMediumE5"
    },
    {
      "id": 210915443239993642662086061413562433628,
      "size": [4251, 5401, 7559],
      "max_weight": 9.81156758969238,
      "name": "HardLargeA1"
    },
    {
      "id": 218860385535817429969142264625981518215,
      "size": [4205, 4632, 7325],
      "max_weight": 1.2277793286949148,
      "name": "EcoXLB2"
    },
    {
      "id": 310445280884800851430253879010212422387,
      "size": [3519, 3675, 4627],
      "max_weight": 5.731045194429684,
      "name": "FlexXLA1"
    }
  ],
  "depot_coord": [-6.2463610202328, 106.8794224671884],
  "max_duration": 10000000000000.0,
  "distance_matrix": [
    [
      0.0, 15.98110073658355, 14.195178370740718, 15.754304635509733,
      15.561666255233257, 14.586752630009856, 17.856864105305252,
      10.316275549938817, 14.609733757640685, 17.75859963372767,
      14.14681209596546
    ],
    [
      15.98110073658355, 0.0, 11.141993589657769, 2.7415382886413435,
      16.04471967267162, 3.917566135736282, 4.6062174226391965,
      18.33661225525247, 2.8088965175843565, 7.241041896145688,
      10.707683364240625
    ],
    [
      14.195178370740718, 11.141993589657769, 0.0, 13.3675161152414,
      4.921916502644171, 13.649252797767193, 15.660342757577103,
      9.63123687161398, 12.639253666872817, 17.857162859257443,
      0.43647282616443867
    ],
    [
      15.754304635509733, 2.7415382886413435, 13.3675161152414, 0.0,
      18.18831953521978, 1.5569816897775355, 2.469874018207272,
      19.630707876386317, 1.1584810487117654, 4.587723180635646,
      12.942806608258087
    ],
    [
      15.561666255233257, 16.04471967267162, 4.921916502644171,
      18.18831953521978, 0.0, 18.349598728725848, 20.525732156936385,
      7.498582083204803, 17.39512812951404, 22.60791843781456, 5.358375087425899
    ],
    [
      14.586752630009856, 3.917566135736282, 13.649252797767193,
      1.5569816897775355, 18.349598728725848, 0.0, 3.2735718314046496,
      19.181830578084153, 1.1642684266984917, 4.2865121790278655,
      13.238915796844088
    ],
    [
      17.856864105305252, 4.6062174226391965, 15.660342757577103,
      2.469874018207272, 20.525732156936385, 3.2735718314046496, 0.0,
      22.09867761034121, 3.5514536454236674, 3.0263883367145343,
      15.229997659847106
    ],
    [
      10.316275549938817, 18.33661225525247, 9.63123687161398,
      19.630707876386317, 7.498582083204803, 19.181830578084153,
      22.09867761034121, 0.0, 18.56974143037489, 23.338756764694807,
      9.913856902530142
    ],
    [
      14.609733757640685, 2.8088965175843565, 12.639253666872817,
      1.1584810487117654, 17.39512812951404, 1.1642684266984917,
      3.5514536454236674, 18.56974143037489, 0.0, 5.219379934771049,
      12.22271963941671
    ],
    [
      17.75859963372767, 7.241041896145688, 17.857162859257443,
      4.587723180635646, 22.60791843781456, 4.2865121790278655,
      3.0263883367145343, 23.338756764694807, 5.219379934771049, 0.0,
      17.439359123924728
    ],
    [
      14.14681209596546, 10.707683364240625, 0.43647282616443867,
      12.942806608258087, 5.358375087425899, 13.238915796844088,
      15.229997659847106, 9.913856902530142, 12.22271963941671,
      17.439359123924728, 0.0
    ]
  ]
}
