{"product_type": [{"id": 152881329182359575146190447126931721242, "weight": 2.004901072814693, "size": [6, 5, 7], "need_refrigeration": true, "is_fragile": false, "name": "MedmabPlus"}, {"id": 62724917403269181472221673974373088433, "weight": 1.0485231419415468, "size": [8, 8, 8], "need_refrigeration": true, "is_fragile": false, "name": "MaxmabRX"}, {"id": 106804597252046542345463226083060280234, "weight": 2.7717857947945332, "size": [9, 8, 7], "need_refrigeration": true, "is_fragile": true, "name": "MaxprofenOD"}, {"id": 291902225232552079471281153237056270267, "weight": 1.7341911502742726, "size": [8, 7, 8], "need_refrigeration": true, "is_fragile": false, "name": "MedcillinEZ"}, {"id": 149859844129803729489636550907561953296, "weight": 1.7633097448363122, "size": [8, 9, 8], "need_refrigeration": true, "is_fragile": false, "name": "BiovirRX"}, {"id": 76965175963972462246270343923799913978, "weight": 2.026707839461471, "size": [5, 8, 7], "need_refrigeration": false, "is_fragile": true, "name": "NeololXL"}, {"id": 775612630871621680315733169865095938, "weight": 2.4318843409102464, "size": [8, 5, 7], "need_refrigeration": true, "is_fragile": true, "name": "MaxmabOD"}, {"id": 298576149500482221116183877511553122701, "weight": 2.651034994422075, "size": [6, 5, 7], "need_refrigeration": false, "is_fragile": true, "name": "UltrastatinPlus"}, {"id": 118070301342040062270229119456742419274, "weight": 2.814278719658697, "size": [9, 5, 6], "need_refrigeration": false, "is_fragile": false, "name": "UltrastatinOD"}, {"id": 234454160915295531504253925006610323685, "weight": 1.8425744402589168, "size": [7, 5, 6], "need_refrigeration": false, "is_fragile": true, "name": "NeololPlus"}], "vehicle_list": [{"box_size": [271, 382, 421], "box_max_weight": 530.342187097727, "cost_per_km": 32.138343329437376, "cost_per_kg": 14.688066402996728, "is_reefer": true, "max_duration": 10000000000000.0, "vehicle_type": "PowerT5500", "id": 148809000614971809364422596749478210289}, {"box_size": [205, 367, 481], "box_max_weight": 570.0928151984331, "cost_per_km": 10.6486570525094, "cost_per_kg": 62.6912999247175, "is_reefer": false, "max_duration": 10000000000000.0, "vehicle_type": "IronPro4500", "id": 46686823475229307920839253150380469896}, {"box_size": [325, 347, 458], "box_max_weight": 587.8104965571923, "cost_per_km": 77.4129867063928, "cost_per_kg": 13.851454260275624, "is_reefer": true, "max_duration": 10000000000000.0, "vehicle_type": "TrailTHD", "id": 69006601702241958493749406799358610193}, {"box_size": [322, 398, 479], "box_max_weight": 514.8500484200736, "cost_per_km": 54.98791466917732, "cost_per_kg": 38.32761612153853, "is_reefer": true, "max_duration": 10000000000000.0, "vehicle_type": "HaulPro5500", "id": 133056145041985798549495577147279105695}, {"box_size": [219, 369, 396], "box_max_weight": 519.6571857344059, "cost_per_km": 93.762562307119, "cost_per_kg": 16.26186287661481, "is_reefer": false, "max_duration": 10000000000000.0, "vehicle_type": "MegaPro5500", "id": 277545099827514050606524343002149259516}, {"box_size": [303, 360, 373], "box_max_weight": 523.929818631563, "cost_per_km": 83.51141808202486, "cost_per_kg": 28.27219280507965, "is_reefer": false, "max_duration": 10000000000000.0, "vehicle_type": "IronX5500", "id": 335014564261799872270486939725809498362}, {"box_size": [366, 425, 478], "box_max_weight": 599.9107986945423, "cost_per_km": 32.90669575634706, "cost_per_kg": 83.67634153539213, "is_reefer": true, "max_duration": 10000000000000.0, "vehicle_type": "HaulZ4500", "id": 108855002788751870823323307604688533447}, {"box_size": [258, 470, 495], "box_max_weight": 507.6143384702141, "cost_per_km": 95.02454867623425, "cost_per_kg": 76.66875590022526, "is_reefer": true, "max_duration": 10000000000000.0, "vehicle_type": "TitanElite3500", "id": 168833252244954516266935525465374205516}, {"box_size": [289, 374, 481], "box_max_weight": 552.4680934596129, "cost_per_km": 76.50651054337857, "cost_per_kg": 97.25776112608773, "is_reefer": false, "max_duration": 10000000000000.0, "vehicle_type": "TitanT3500", "id": 118452875406716580773820210577558183728}, {"box_size": [277, 332, 363], "box_max_weight": 548.6028152931767, "cost_per_km": 98.06320775814795, "cost_per_kg": 91.2111149366138, "is_reefer": true, "max_duration": 10000000000000.0, "vehicle_type": "MegaX3500", "id": 140893925612916891467266994799955756579}], "order_list": [{"id": 61553387589419860403639391139501283397, "customer_name": "JohnMartinez", "item_list": [775612630871621680315733169865095938, 149859844129803729489636550907561953296, 291902225232552079471281153237056270267, 106804597252046542345463226083060280234, 234454160915295531504253925006610323685, 234454160915295531504253925006610323685, 62724917403269181472221673974373088433, 291902225232552079471281153237056270267, 106804597252046542345463226083060280234, 775612630871621680315733169865095938], "coord": [-6.235415387554112, 106.87980705264694]}, {"id": 99840514915526989671872475865551115452, "customer_name": "Dr.EmmaWilliams", "item_list": [76965175963972462246270343923799913978, 106804597252046542345463226083060280234, 149859844129803729489636550907561953296, 76965175963972462246270343923799913978, 76965175963972462246270343923799913978, 234454160915295531504253925006610323685, 291902225232552079471281153237056270267, 298576149500482221116183877511553122701, 234454160915295531504253925006610323685, 118070301342040062270229119456742419274], "coord": [-6.212199745504822, 106.80407940360317]}, {"id": 248845590346134413678490315350856395043, "customer_name": "Ms.ChrisGarcia", "item_list": [234454160915295531504253925006610323685, 152881329182359575146190447126931721242, 62724917403269181472221673974373088433, 298576149500482221116183877511553122701, 62724917403269181472221673974373088433, 775612630871621680315733169865095938, 152881329182359575146190447126931721242, 298576149500482221116183877511553122701, 298576149500482221116183877511553122701, 62724917403269181472221673974373088433], "coord": [-6.244305106788684, 106.78180740361947]}, {"id": 166889395457495094087716533230450696283, "customer_name": "DavidSmith", "item_list": [152881329182359575146190447126931721242, 234454160915295531504253925006610323685, 291902225232552079471281153237056270267, 775612630871621680315733169865095938, 118070301342040062270229119456742419274, 775612630871621680315733169865095938, 291902225232552079471281153237056270267, 118070301342040062270229119456742419274, 62724917403269181472221673974373088433, 775612630871621680315733169865095938], "coord": [-6.260609626499456, 106.70345541888388]}, {"id": 63548409174255723445903063814076403589, "customer_name": "Ms.MichaelSmith", "item_list": [298576149500482221116183877511553122701, 291902225232552079471281153237056270267, 291902225232552079471281153237056270267, 234454160915295531504253925006610323685, 106804597252046542345463226083060280234, 76965175963972462246270343923799913978, 291902225232552079471281153237056270267, 291902225232552079471281153237056270267, 234454160915295531504253925006610323685, 291902225232552079471281153237056270267], "coord": [-6.277547466138174, 106.79890012032966]}, {"id": 151152670739342300669530263996452696863, "customer_name": "Mr.ChrisWilliams", "item_list": [234454160915295531504253925006610323685, 298576149500482221116183877511553122701, 298576149500482221116183877511553122701, 118070301342040062270229119456742419274, 149859844129803729489636550907561953296, 298576149500482221116183877511553122701, 62724917403269181472221673974373088433, 106804597252046542345463226083060280234, 106804597252046542345463226083060280234, 291902225232552079471281153237056270267], "coord": [-6.242406386232435, 106.78084109908238]}, {"id": 126006560136600674078346721691819385947, "customer_name": "Mr.DavidJohnson", "item_list": [62724917403269181472221673974373088433, 291902225232552079471281153237056270267, 76965175963972462246270343923799913978, 298576149500482221116183877511553122701, 118070301342040062270229119456742419274, 149859844129803729489636550907561953296, 298576149500482221116183877511553122701, 118070301342040062270229119456742419274, 76965175963972462246270343923799913978, 291902225232552079471281153237056270267], "coord": [-6.19383986671123, 106.74621797662049]}, {"id": 264580684018111192004698267413833010245, "customer_name": "ChrisWilliams", "item_list": [76965175963972462246270343923799913978, 149859844129803729489636550907561953296, 118070301342040062270229119456742419274, 234454160915295531504253925006610323685, 62724917403269181472221673974373088433, 152881329182359575146190447126931721242, 298576149500482221116183877511553122701, 775612630871621680315733169865095938, 76965175963972462246270343923799913978, 291902225232552079471281153237056270267], "coord": [-6.272296374880731, 106.74911976739371]}, {"id": 296834155408324240967893247211622476219, "customer_name": "Dr.AlexDavis", "item_list": [76965175963972462246270343923799913978, 234454160915295531504253925006610323685, 152881329182359575146190447126931721242, 118070301342040062270229119456742419274, 62724917403269181472221673974373088433, 152881329182359575146190447126931721242, 152881329182359575146190447126931721242, 152881329182359575146190447126931721242, 149859844129803729489636550907561953296, 152881329182359575146190447126931721242], "coord": [-6.111257263314753, 106.80161460414467]}, {"id": 85008534332649711171352251393949446218, "customer_name": "Dr.LauraMiller", "item_list": [298576149500482221116183877511553122701, 152881329182359575146190447126931721242, 106804597252046542345463226083060280234, 775612630871621680315733169865095938, 76965175963972462246270343923799913978, 291902225232552079471281153237056270267, 298576149500482221116183877511553122701, 149859844129803729489636550907561953296, 76965175963972462246270343923799913978, 76965175963972462246270343923799913978], "coord": [-6.267238108957784, 106.85532059595462]}], "cardboard_list": [{"id": 169195209803816902518507050378073492793, "size": [53, 59, 66], "max_weight": 146.5681526230764, "name": "PackSmallE5"}, {"id": 168199086389104749658341847611656438320, "size": [53, 58, 79], "max_weight": 149.8491432938905, "name": "FlexSmallB2"}, {"id": 42609945084560046833145232828879592224, "size": [54, 67, 75], "max_weight": 105.38029137073492, "name": "CorrXLA1"}, {"id": 215147801300271008435383283583053919086, "size": [59, 70, 73], "max_weight": 143.48521353512757, "name": "CorrXLE5"}, {"id": 4860958829542805794816432192533222329, "size": [61, 64, 76], "max_weight": 126.17974129297792, "name": "HardSmallE5"}, {"id": 249655436569833340088243012334804863819, "size": [56, 72, 75], "max_weight": 142.85029393218872, "name": "PackXXLE5"}, {"id": 157052204530942364594470669996707147821, "size": [54, 54, 68], "max_weight": 132.51273477660027, "name": "FlexMediumC3"}, {"id": 169266288465773812927616470228729190685, "size": [50, 63, 70], "max_weight": 135.09449642602073, "name": "CorrXXLB2"}, {"id": 75311369227292804393970389560623486505, "size": [55, 56, 69], "max_weight": 121.6094439715917, "name": "HardXLB2"}, {"id": 328997047019681333150274191557463290247, "size": [61, 71, 77], "max_weight": 103.22893316609238, "name": "EcoXXLA1"}, {"id": 227846335198750929197530824850648130473, "size": [50, 77, 79], "max_weight": 145.78189468518468, "name": "CorrXLC3"}, {"id": 27684690512137957658376319767673023870, "size": [58, 60, 66], "max_weight": 130.85558009676993, "name": "PackXXLB2"}, {"id": 255370752438115849143694046964808721662, "size": [50, 66, 74], "max_weight": 116.02848932970355, "name": "HardXLA1"}, {"id": 229085162125569566516008191689247942317, "size": [53, 55, 58], "max_weight": 140.07560402559824, "name": "EcoSmallE5"}, {"id": 107664850142855694116513951467294303311, "size": [57, 58, 72], "max_weight": 135.76909335869698, "name": "FlexXXLE5"}, {"id": 102834523669759276005310853561292988069, "size": [75, 79, 79], "max_weight": 136.7617282413406, "name": "CorrSmallE5"}, {"id": 168242633739305356035304270541346047837, "size": [66, 71, 78], "max_weight": 120.45466213533346, "name": "PackLargeC3"}, {"id": 46559603347908895762406117047178018248, "size": [52, 54, 64], "max_weight": 122.12755764270128, "name": "CorrLargeE5"}, {"id": 114795347361791498608790539061561268357, "size": [58, 63, 69], "max_weight": 100.54861390317973, "name": "EcoXLD4"}, {"id": 17214015325331963388547839565624043384, "size": [72, 74, 75], "max_weight": 122.63037828654255, "name": "PackSmallC3"}, {"id": 338575752351670801778579154785215369562, "size": [56, 67, 71], "max_weight": 143.21763098248434, "name": "FlexMediumE5"}, {"id": 314982936096522043490728440872204177049, "size": [53, 59, 77], "max_weight": 111.00665091393506, "name": "PackSmallD4"}, {"id": 170801176541766567488205331128105924715, "size": [51, 55, 61], "max_weight": 143.61862636333137, "name": "HardLargeB2"}, {"id": 247542690105279369870803502654218619243, "size": [54, 69, 74], "max_weight": 147.30538313237184, "name": "CorrSmallB2"}, {"id": 327392398582236389359279465300802753849, "size": [61, 66, 70], "max_weight": 131.43750489254418, "name": "EcoSmallC3"}, {"id": 277696020882891184492742097562537007643, "size": [60, 67, 74], "max_weight": 140.4348244489675, "name": "EcoMediumA1"}, {"id": 71745418140868006125799091193530002009, "size": [58, 59, 76], "max_weight": 135.33090863564712, "name": "PackLargeB2"}, {"id": 274779563869756903915524079468586460003, "size": [65, 68, 74], "max_weight": 146.86252988524757, "name": "EcoLargeE5"}, {"id": 250985572887030291102888506558475293359, "size": [50, 74, 77], "max_weight": 136.23029451153474, "name": "EcoXXLD4"}, {"id": 318038747786394018621117949412953123888, "size": [56, 61, 62], "max_weight": 103.1794354245053, "name": "PackMediumD4"}, {"id": 110647612105782892661023182208237139200, "size": [61, 62, 63], "max_weight": 141.81424641119514, "name": "PackLargeE5"}, {"id": 306969054564631060356990363157421624894, "size": [51, 69, 75], "max_weight": 104.91744701371222, "name": "FlexSmallE5"}, {"id": 270019908036927945602071167927971675519, "size": [54, 68, 74], "max_weight": 146.5558787128591, "name": "FlexXLD4"}, {"id": 73954491729463347766827593267482485594, "size": [53, 55, 74], "max_weight": 135.00804673816697, "name": "HardXXLB2"}, {"id": 183688339099647033950566553390288377064, "size": [63, 70, 73], "max_weight": 128.03081790156327, "name": "PackXLD4"}, {"id": 306514989779661336102043575785559578077, "size": [51, 58, 76], "max_weight": 132.63443607921175, "name": "EcoXLA1"}, {"id": 280682254871027176898291031132781596093, "size": [65, 70, 74], "max_weight": 100.8563286026491, "name": "HardXXLA1"}, {"id": 96794634562670577128866313153401780515, "size": [53, 53, 62], "max_weight": 148.8457630127028, "name": "PackMediumA1"}, {"id": 315562619397843719787486154314448254611, "size": [52, 60, 65], "max_weight": 136.96424690902373, "name": "EcoMediumD4"}, {"id": 185783740862843997748384553186084323478, "size": [53, 67, 76], "max_weight": 132.00599278146143, "name": "FlexLargeB2"}, {"id": 69555957567750521330187679809764012953, "size": [55, 61, 67], "max_weight": 114.26363534968327, "name": "HardMediumE5"}, {"id": 50098896791024142777239271094506828143, "size": [54, 64, 68], "max_weight": 122.11723285982586, "name": "PackMediumB2"}, {"id": 209013301441070477669903349465717419594, "size": [59, 73, 73], "max_weight": 105.27625489856686, "name": "EcoXLB2"}, {"id": 267748031348777799824155101481388854702, "size": [56, 68, 75], "max_weight": 148.9918846046794, "name": "FlexLargeD4"}, {"id": 188763245461132684804511022326057469880, "size": [60, 72, 74], "max_weight": 104.88354626003041, "name": "PackXXLC3"}, {"id": 168446016895143323490863347279838985136, "size": [61, 62, 63], "max_weight": 146.97461230682086, "name": "FlexXXLA1"}, {"id": 166823306821936665956778674673727591572, "size": [58, 60, 66], "max_weight": 127.03020061787656, "name": "CorrMediumC3"}, {"id": 179536858801078153378918677012067824759, "size": [68, 68, 69], "max_weight": 136.96071507409792, "name": "FlexXXLC3"}, {"id": 43439970005835662114352955703155061591, "size": [60, 68, 75], "max_weight": 139.15402760344526, "name": "CorrMediumD4"}, {"id": 302622022377014991830492962136622870921, "size": [59, 77, 79], "max_weight": 106.12255644744543, "name": "HardXLE5"}, {"id": 85459280785780680804775739238434326491, "size": [67, 71, 73], "max_weight": 146.72621495073975, "name": "CorrXXLE5"}, {"id": 178448481683218307713995488576290098523, "size": [50, 56, 70], "max_weight": 127.3205122674144, "name": "FlexLargeC3"}, {"id": 30626517673662529155282430319326927671, "size": [51, 52, 75], "max_weight": 144.16478932162025, "name": "HardSmallA1"}, {"id": 186497250756851801435755123535846185136, "size": [54, 68, 73], "max_weight": 117.32138410329307, "name": "FlexXLC3"}, {"id": 110502352057176178761857045877712212217, "size": [70, 77, 79], "max_weight": 140.6244052143566, "name": "CorrLargeA1"}, {"id": 25745147160979971927585817369694647322, "size": [56, 64, 71], "max_weight": 104.46245608723925, "name": "EcoSmallD4"}, {"id": 3391916127652759778743203842652859576, "size": [62, 63, 67], "max_weight": 128.06529061833567, "name": "HardMediumC3"}, {"id": 246827265052648491941309739421001253143, "size": [59, 72, 74], "max_weight": 104.45768789783213, "name": "PackMediumE5"}, {"id": 20771477288071502911406530167812047351, "size": [53, 66, 75], "max_weight": 122.93785821068988, "name": "EcoLargeA1"}, {"id": 154094794458360176927917958821322777259, "size": [58, 65, 79], "max_weight": 114.5376632947769, "name": "EcoXXLB2"}, {"id": 243557787002221364545333508173345580338, "size": [62, 69, 77], "max_weight": 143.77915252841132, "name": "PackXLC3"}, {"id": 165430650447981669899911078465720677487, "size": [52, 71, 71], "max_weight": 148.53332972862748, "name": "HardXXLE5"}, {"id": 264133932521603735288921430735015905308, "size": [53, 59, 64], "max_weight": 147.9498046062747, "name": "PackXLA1"}, {"id": 23286236401158983498228411950964708049, "size": [63, 70, 78], "max_weight": 139.1023935653662, "name": "HardXLD4"}, {"id": 128276917546750444346582445820452790160, "size": [64, 75, 78], "max_weight": 107.46719806263926, "name": "EcoXLE5"}, {"id": 156462121794079704895418377173427078109, "size": [58, 67, 67], "max_weight": 126.49148622048098, "name": "CorrLargeC3"}, {"id": 253746479296239193295702928512113763273, "size": [61, 66, 70], "max_weight": 115.8584535739717, "name": "CorrXXLD4"}, {"id": 92002309632262558320878079700642934014, "size": [59, 70, 74], "max_weight": 145.37044715661264, "name": "EcoLargeB2"}, {"id": 63570820632774800845979781346342468095, "size": [53, 54, 60], "max_weight": 119.51052989116106, "name": "FlexXXLB2"}, {"id": 201178122594505664399087352403479389868, "size": [54, 68, 79], "max_weight": 139.24192020444917, "name": "FlexXLA1"}, {"id": 285661520544340969224789705923885876344, "size": [51, 56, 69], "max_weight": 110.13356497430138, "name": "FlexSmallD4"}, {"id": 314427262437683049364305165291738625868, "size": [57, 63, 73], "max_weight": 136.40374762402956, "name": "PackSmallB2"}, {"id": 268706758926801371307542455096344889658, "size": [55, 66, 68], "max_weight": 125.7626074921589, "name": "FlexMediumB2"}, {"id": 182529213141575160370130558994199796207, "size": [58, 76, 77], "max_weight": 145.55330177795733, "name": "EcoXXLE5"}, {"id": 191709928026208842968325738943410489438, "size": [57, 64, 72], "max_weight": 113.5009268667502, "name": "CorrLargeD4"}, {"id": 179296326762798302536684319358925385334, "size": [61, 66, 75], "max_weight": 119.65907978774648, "name": "EcoLargeD4"}, {"id": 155513247667209772072766631978995798374, "size": [61, 67, 74], "max_weight": 133.08045685694415, "name": "PackMediumC3"}, {"id": 92156461490846925934665330088746182609, "size": [66, 70, 75], "max_weight": 103.91898476277375, "name": "FlexXLE5"}, {"id": 2111246225758627082101545520487216146, "size": [59, 71, 71], "max_weight": 113.48688355925644, "name": "CorrLargeB2"}, {"id": 318481530697622496599174729882797554323, "size": [56, 58, 78], "max_weight": 114.72984821331907, "name": "FlexXLB2"}, {"id": 74108808010808497849338018175512115958, "size": [60, 71, 77], "max_weight": 105.90059311976147, "name": "EcoXLC3"}, {"id": 21681356754876261578527658483182440733, "size": [55, 60, 67], "max_weight": 141.68360994480062, "name": "EcoLargeC3"}, {"id": 325406392457347049273933808738353889725, "size": [56, 67, 79], "max_weight": 125.42183476833708, "name": "EcoSmallB2"}, {"id": 202264089325664271852091749072558365280, "size": [57, 67, 69], "max_weight": 108.97312176216613, "name": "HardSmallC3"}, {"id": 144528776166962282530599516948922443011, "size": [57, 69, 70], "max_weight": 149.65503735333834, "name": "FlexLargeE5"}, {"id": 157685088659966136971122775879044446840, "size": [59, 60, 72], "max_weight": 121.57531686810654, "name": "HardLargeC3"}, {"id": 116257018194587382632878543509730612975, "size": [50, 50, 55], "max_weight": 133.6716561740085, "name": "HardLargeD4"}, {"id": 38442552320260941855334393660492530998, "size": [59, 64, 76], "max_weight": 123.73340291969521, "name": "CorrMediumB2"}, {"id": 77500289346533302645534371769376727979, "size": [51, 55, 58], "max_weight": 103.85624612432319, "name": "CorrXXLA1"}, {"id": 202148033992532516750664984534803577005, "size": [53, 71, 73], "max_weight": 116.9941117287949, "name": "CorrMediumA1"}, {"id": 301162462282317277869679745881928397420, "size": [60, 69, 75], "max_weight": 119.92014850259488, "name": "FlexSmallC3"}, {"id": 118182781221535581673386957522898931822, "size": [50, 59, 67], "max_weight": 139.96234491750766, "name": "FlexMediumD4"}, {"id": 253370399895318662409054964849892077095, "size": [51, 59, 64], "max_weight": 117.77835988576652, "name": "HardLargeA1"}, {"id": 174638213726720596332831970989346788898, "size": [51, 54, 58], "max_weight": 100.08379950339781, "name": "EcoXXLC3"}, {"id": 138924821268406352547452100056777221637, "size": [50, 61, 77], "max_weight": 139.36037599061714, "name": "HardMediumD4"}, {"id": 144927580269872550172204805221590228742, "size": [55, 64, 74], "max_weight": 111.82986818293179, "name": "PackLargeD4"}, {"id": 202257944660529659320180699250663916213, "size": [52, 57, 69], "max_weight": 117.19487123813093, "name": "EcoMediumB2"}, {"id": 189590959157319140542742664794779298641, "size": [54, 60, 65], "max_weight": 108.05776551122366, "name": "CorrSmallD4"}, {"id": 130319134864107732683729604291904621931, "size": [51, 74, 77], "max_weight": 111.39991855633443, "name": "EcoMediumE5"}, {"id": 182821491015029927474221247747101936370, "size": [59, 64, 70], "max_weight": 139.20504388476132, "name": "HardXXLC3"}], "depot_coord": [-6.234245313905415, 106.8608662375669], "max_duration": 10000000000000.0, "distance_matrix": [[0.0, 2.0977037853514404, 6.738868880645902, 8.810170669214184, 17.64457556451265, 8.372380649203734, 8.892123874690984, 13.446229368038045, 13.056293540915217, 15.16342675208114, 3.719489545475961], [2.0977037853514404, 0.0, 8.759903327028379, 10.877512674101155, 19.693210179018973, 10.095679253020803, 10.96692194655949, 15.473856203147452, 15.01613359103758, 16.28866866168128, 4.4549673061916595], [6.738868880645902, 8.759903327028379, 0.0, 4.3365419608347056, 12.356762554565533, 7.288852593087543, 4.22848713396384, 6.714131605445141, 9.03109210439208, 11.22759900447357, 8.338777056193088], [8.810170669214184, 10.877512674101155, 4.3365419608347056, 0.0, 8.848247830173376, 4.151221971502539, 0.2366086140251754, 6.853147727293797, 4.768817719547431, 14.955411844984015, 8.516358120751319], [17.64457556451265, 19.693210179018973, 12.356762554565533, 8.848247830173376, 0.0, 10.716304430802602, 8.78995091864316, 8.801498844484495, 5.211910190793466, 19.838082369515867, 16.80199539920273], [8.372380649203734, 10.095679253020803, 7.288852593087543, 4.151221971502539, 10.716304430802602, 0.0, 4.387828681695191, 10.979408484256437, 5.533054969887051, 18.49306161785898, 6.340602508027859], [8.892123874690984, 10.96692194655949, 4.22848713396384, 0.2366086140251754, 8.78995091864316, 4.387828681695191, 0.0, 6.619044272596962, 4.831160870516535, 14.762831929491645, 8.683151504004591], [13.446229368038045, 15.473856203147452, 6.714131605445141, 6.853147727293797, 8.801498844484495, 10.979408484256437, 6.619044272596962, 0.0, 8.729860367791591, 11.03769816502419, 14.56206853594803], [13.056293540915217, 15.01613359103758, 9.03109210439208, 4.768817719547431, 5.211910190793466, 5.533054969887051, 4.831160870516535, 8.729860367791591, 0.0, 18.823578288841794, 11.751827910280038], [15.16342675208114, 16.28866866168128, 11.22759900447357, 14.955411844984015, 19.838082369515867, 18.49306161785898, 14.762831929491645, 11.03769816502419, 18.823578288841794, 0.0, 18.332273449736263], [3.719489545475961, 4.4549673061916595, 8.338777056193088, 8.516358120751319, 16.80199539920273, 6.340602508027859, 8.683151504004591, 14.56206853594803, 11.751827910280038, 18.332273449736263, 0.0]]}